   5.1690956e+01
  -6.5678447e+00
   1.9274003e+01
  -1.1278817e+01
  -2.6502928e+01
   6.5162244e+00
  -2.0098646e+01
  -2.2731598e+01
   1.6131263e+01
   3.6419779e+01
  -2.0018178e+00
  -1.4602646e+01
  -2.8921033e+01
   8.3920365e+01
  -3.5389743e+01
   2.7471771e+00
  -2.6677876e+01
   1.7446726e+01
   5.3460466e+00
   2.6094078e+01
   2.6103449e+00
   2.4606616e+01
   2.4461103e+00
  -1.9722340e+00
  -5.4457129e+00
   4.1343367e+01
  -1.8834074e+01
   1.7289193e+01
   1.4045277e+00
   1.1453822e+01
  -1.8984589e+01
   7.3076084e+01
  -2.1277701e+01
   1.4795032e+01
  -1.0286099e+01
   1.8802527e+01
   9.5121551e+00
   9.3202127e+00
   5.3195488e+00
   6.4541535e+01
   7.8014463e+00
  -8.1745493e-01
   7.5950435e-01
   3.9468781e+01
  -1.5210120e+00
   5.8813971e+01
   1.0958408e+00
   1.8290000e+01
   5.0849080e+00
   5.6682790e+01
  -5.8118120e+00
   5.5834613e+01
  -9.2795256e+00
   2.7241736e+01
   8.9752880e+00
   4.3957627e+01
  -1.1893182e+01
   4.8961869e+01
  -2.0838796e+01
   3.3847824e+01
   1.4374027e+01
   7.7291345e+01
  -2.0902548e+01
   3.5943408e+01
  -3.5787002e+01
   3.8878213e+01
