Octree:
 side=2.0000000000000000e+003	maxLevel=1	minSide=1.0000000000000000e+003	kFactor=1.0000000000000000e+000
OVL Size: 27
26	-4.8145397186279297e+001	1.0473300170898437e+002	1.2281449890136719e+002	-1.0560517520240055e+001
25	-4.8145397186279297e+001	8.8039600372314453e+001	1.3950790023803711e+002	-1.1844156796831452e+001
24	-4.8145397186279297e+001	8.8039600372314453e+001	1.2281449890136719e+002	-1.3503715215958920e+001
23	-4.8145397186279297e+001	8.8039600372314453e+001	1.0612109756469727e+002	-1.4474273154782571e+001
22	-4.8145397186279297e+001	7.1346199035644531e+001	1.2281449890136719e+002	-1.6259023502143744e+001
21	-6.4838798522949219e+001	1.0473300170898437e+002	1.3950790023803711e+002	-2.8700255651021966e+000
20	-6.4838798522949219e+001	1.0473300170898437e+002	1.2281449890136719e+002	-5.5027285649807647e+000
19	-6.4838798522949219e+001	1.0473300170898437e+002	1.0612109756469727e+002	-1.6146304365673441e+001
18	-8.1532199859619141e+001	1.0473300170898437e+002	1.2281449890136719e+002	-1.5699879152402431e+001
17	-6.4838798522949219e+001	8.8039600372314453e+001	1.3950790023803711e+002	-4.6361906152842058e+000
16	-6.4838798522949219e+001	7.1346199035644531e+001	1.3950790023803711e+002	-2.0554805321991669e+001
15	-8.1532199859619141e+001	8.8039600372314453e+001	1.3950790023803711e+002	-1.5136297346561060e+001
14	-6.4838798522949219e+001	8.8039600372314453e+001	1.2281449890136719e+002	-8.3491900358666760e-001
13	-6.4838798522949219e+001	8.8039600372314453e+001	1.0612109756469727e+002	-3.3383053934172753e+000
12	-6.4838798522949219e+001	7.1346199035644531e+001	1.2281449890136719e+002	-5.8267911060781783e+000
11	-6.4838798522949219e+001	7.1346199035644531e+001	1.0612109756469727e+002	-5.8728020622102477e+000
10	-8.1532199859619141e+001	8.8039600372314453e+001	1.2281449890136719e+002	-9.5318354184501271e+000
9	-8.1532199859619141e+001	8.8039600372314453e+001	1.0612109756469727e+002	-1.0900132815942476e+001
8	-8.1532199859619141e+001	7.1346199035644531e+001	1.2281449890136719e+002	-1.2463451792337423e+001
7	-4.8145397186279297e+001	1.0473300170898437e+002	1.3950790023803711e+002	9.6947443086048359e+000
6	-4.8145397186279297e+001	1.0473300170898437e+002	1.0612109756469727e+002	2.1757732678334577e+001
5	-4.8145397186279297e+001	7.1346199035644531e+001	1.3950790023803711e+002	2.4689497130209560e+001
4	-4.8145397186279297e+001	7.1346199035644531e+001	1.0612109756469727e+002	1.3716504726782109e+001
3	-8.1532199859619141e+001	1.0473300170898437e+002	1.3950790023803711e+002	1.3584075397255530e+001
2	-8.1532199859619141e+001	1.0473300170898437e+002	1.0612109756469727e+002	2.1198260739681952e+001
1	-8.1532199859619141e+001	7.1346199035644531e+001	1.3950790023803711e+002	2.4515750983270323e+001
0	-8.1532199859619141e+001	7.1346199035644531e+001	1.0612109756469727e+002	1.0535146817708538e+001

Color:1	Level0	Side:3.3386802673339844e+001
V:	0	1	2	3	4	5	6	7	
Color:0	Level1	Side:1.6693401336669922e+001
V:	0	8	9	10	11	12	13	14	
Color:0	Level1	Side:1.6693401336669922e+001
V:	8	1	10	15	12	16	14	17	
Color:0	Level1	Side:1.6693401336669922e+001
V:	9	10	2	18	13	14	19	20	
Color:0	Level1	Side:1.6693401336669922e+001
V:	10	15	18	3	14	17	20	21	
Color:0	Level1	Side:1.6693401336669922e+001
V:	11	12	13	14	4	22	23	24	
Color:0	Level1	Side:1.6693401336669922e+001
V:	12	16	14	17	22	5	24	25	
Color:0	Level1	Side:1.6693401336669922e+001
V:	13	14	19	20	23	24	6	26	
Color:0	Level1	Side:1.6693401336669922e+001
V:	14	17	20	21	24	25	26	7	