-45.9112011681927	33.1567162129607	15.2976939947734
-10.8465394732540	-5.66444123413916	-34.7721634615199
22.9078818035630	9.58302591692771	36.6240498516779
-7.07706959281474	6.24541568532771	33.9331326681823
-13.2128349315833	16.6399226213887	14.0654631724786
33.2988662358315	9.17875797736141	12.2705987647139
-17.9413074538025	16.7139645789325	9.55275516456376
34.2600298222506	22.0291566316643	4.84381159581261
-24.0036958696295	6.31623579577904	-8.19064641703065
37.5341873951052	9.75043156725174	2.81582230494050
50.2699000000000	8.56510000000000	6.54660000000000
6.0000 11.0000 41.0000
-12.0000 -3.0000 -46.0000
50.0000 330.0000 -7.0000