   1.3280589e+01
  -2.7050825e+00
   1.1703670e+01
   2.3640000e+01
   7.4500000e-01
  -1.1000000e+00
   2.8048346e+01
   9.7579635e+00
   5.2603026e+00
   3.5660000e+01
   2.8000000e-01
  -7.3000000e-01
   1.9540628e+01
   1.0315643e+01
  -4.7062308e+00
   3.3730000e+01
  -1.6000000e-01
  -8.2000000e-01
   1.1712523e+01
   4.2440542e-01
   1.5386707e+01
   3.0020000e+01
  -6.7500000e-01
  -2.9500000e-01
   3.8152638e+00
   2.2822063e+01
   7.0703896e+00
   3.2845000e+01
  -1.0000000e-01
  -1.3600000e+00
