   9.8923084e-02  -1.5247509e-02   3.8905779e-02
   6.7673129e-01  -1.3356764e-01  -2.7537843e-01
  -6.0342352e-02   8.2618104e-02  -9.8305980e-02
  -2.0949709e-02   3.0447390e-02  -6.1643765e-05
   4.5003050e-02  -9.3954478e-03   1.5669516e-02
  -1.3045380e-01   4.7425932e-02   5.6130405e-02
   1.4501013e-01   2.2656275e-01   3.4943273e-01
   6.0639857e-01  -3.8505568e-01  -1.0624028e-01
   1.0000000e+00   2.0334900e-02  -3.2431788e-01
   1.5779184e-01   3.1181082e-02  -1.1583910e-01
   4.5369722e-02   6.6974429e-02   1.6620647e-01
  -3.4820339e-01  -2.5128209e-02   6.4516032e-02
  -6.4694543e-04   3.3978457e-02  -1.4708351e-01
  -1.4528961e-01   1.3957186e-01  -2.2059563e-02
  -7.0445236e-02  -1.5429468e-01   1.1961968e-01
   1.1802872e-02   4.0983188e-02  -5.9954540e-02
   5.7940023e-03  -5.9010328e-03  -4.0510619e-02
   4.0951395e-02  -2.2276246e-02   4.2773943e-02
   5.4129427e-02   7.2527901e-01   6.9577323e-02
  -3.2471107e-02  -3.8079322e-01  -4.2589934e-02
   3.7624563e-02   1.0903881e-01   5.6542580e-02
  -1.5915270e-03  -1.3725391e-02  -6.4002233e-03
   2.5953190e-02   2.8643656e-01   2.7211638e-02
  -2.1586176e-02  -7.3407031e-02  -5.3582277e-02
   3.5902439e-02   3.6157004e-01   5.2358496e-02
  -5.7369489e-02  -3.8899032e-01  -1.1924455e-01
   3.2127192e-02   3.5112077e-02   6.5292780e-02
  -9.1662289e-03  -1.6147097e-02  -2.6355796e-02
   1.4924172e-02   1.0778912e-01   3.0483546e-03
  -1.6297528e-02  -6.1139467e-02  -4.9293491e-02
   6.7135788e-03   2.0428432e-01   3.0396185e-02
  -1.0515942e-01  -1.3718182e-01  -1.0752127e-01
   3.8089701e-02  -7.0939868e-02   2.3041980e-01
  -2.5897664e-04   3.0153832e-02  -5.1561138e-02
   5.1957478e-03   3.0531288e-02  -4.1308309e-02
  -3.8511074e-03   2.4546443e-02  -1.8958601e-03
   7.7770836e-02   9.7726990e-01   7.7571591e-02
  -7.4273645e-03  -4.2375559e-01   1.1198101e-01
   5.4466096e-02  -5.3791555e-02  -1.9895233e-02
  -4.5238825e-03  -1.0506109e-01  -2.7536695e-02
   8.1322080e-02   9.7517006e-01   4.3180590e-02
  -5.6191359e-02  -5.1945312e-02  -2.8563650e-02
   6.0140646e-02   6.6251034e-01   1.7255264e-01
  -5.1077773e-02  -3.4357674e-01  -5.4779133e-02
   8.8628012e-02  -3.1975999e-03   7.9758773e-02
  -1.0170003e-02  -1.4426750e-02  -4.7338948e-02
   4.5523689e-02   5.4948170e-01   1.0780489e-01
  -7.1530504e-02  -7.6284697e-02  -1.3347631e-01
   7.0433671e-02   5.0846482e-01   3.3254051e-01
  -4.0166975e-02  -3.1028979e-01   9.1987121e-02
   1.1355749e-01  -6.0089250e-02   2.3874901e-01
  -1.5311693e-02   2.4258225e-02  -1.1315005e-01
   4.0418702e-02   3.5484916e-01   1.7382445e-01
  -7.4185998e-02   5.7600278e-02  -2.2407717e-01
   8.0470437e-02   2.1021965e-01   5.1135815e-01
  -1.5931890e-02  -4.6957587e-01   2.9959065e-01
   1.7299299e-01  -2.4256573e-01   5.2080429e-01
  -3.3763492e-02   1.2916679e-01  -2.3984700e-01
   2.6846412e-02   1.6273781e-01   2.0325035e-01
  -6.5833655e-02   1.9396586e-01  -3.0896601e-01
   5.7608898e-02  -7.8508276e-02   5.7845237e-01
  -1.8367506e-02  -5.9724394e-01   1.5765034e-01
   1.9959111e-01  -3.4418925e-01   7.7946216e-01
  -4.1375795e-02   2.6758549e-01  -3.1657434e-01
   5.2752236e-03   3.1568747e-03   1.4621779e-01
  -3.3259587e-02   2.5914943e-01  -3.3059467e-01
