   9.4743632e-02  -1.0618559e-02   5.4571404e-02
   6.8033372e-01  -1.0757211e-01  -2.9111889e-01
  -6.3061136e-02   7.7914326e-02  -9.1526202e-02
  -2.3236348e-02   3.0565093e-02   8.2826290e-03
   4.5729101e-02  -7.1978424e-03   1.2576043e-02
  -1.3305436e-01   3.9385623e-02   6.5488486e-02
   1.3303923e-01   2.4034477e-01   3.9581628e-01
   6.1365073e-01  -3.5317671e-01  -1.3019631e-01
   1.0000000e+00   6.7461417e-02  -3.3181535e-01
   1.5714121e-01   3.5973637e-02  -1.1396749e-01
   4.1047039e-02   7.2000492e-02   1.8233545e-01
  -3.4781622e-01  -4.0896604e-02   6.4181172e-02
   5.3252117e-04   3.3177218e-02  -1.6199774e-01
  -1.4695869e-01   1.3555471e-01  -1.7608464e-02
  -6.7831793e-02  -1.5980355e-01   1.2540800e-01
   1.1682338e-02   4.3298695e-02  -6.4105142e-02
   6.0861505e-03  -6.8303095e-03  -4.0808487e-02
   4.0556141e-02  -2.0090844e-02   4.2796561e-02
   4.2747899e-02   7.2740036e-01   6.8416910e-02
  -2.4813209e-02  -3.8020034e-01  -3.8677078e-02
   3.6229879e-02   1.1050890e-01   5.7645785e-02
  -1.1462885e-03  -1.3352495e-02  -4.0691752e-03
   2.1787328e-02   2.8752881e-01   2.7217820e-02
  -2.0722440e-02  -7.4157109e-02  -5.5135745e-02
   2.9965851e-02   3.6491139e-01   6.0235213e-02
  -4.8741210e-02  -3.9003199e-01  -1.2039754e-01
   3.2319241e-02   3.5926020e-02   6.8122279e-02
  -8.9128563e-03  -1.6088872e-02  -2.6149078e-02
   1.3474897e-02   1.0892551e-01   4.2602187e-03
  -1.5695256e-02  -6.1367364e-02  -4.9831038e-02
   3.1224810e-03   2.0773757e-01   3.8658800e-02
  -1.0225376e-01  -1.4145117e-01  -1.1124276e-01
   3.7136144e-02  -6.6852700e-02   2.4370092e-01
  -1.4270051e-03   3.1117238e-02  -4.9277976e-02
   5.4806632e-03   3.0632286e-02  -4.3112774e-02
  -4.9753359e-03   2.5576245e-02  -9.2525337e-04
   6.2371533e-02   9.7937583e-01   7.0927123e-02
  -3.4441882e-03  -4.2045649e-01   1.1024116e-01
   5.6469885e-02  -5.0923132e-02  -1.6094268e-02
  -2.4129454e-03  -1.0492115e-01  -2.1093134e-02
   6.7093725e-02   9.7780229e-01   3.7681291e-02
  -5.6366432e-02  -5.4286492e-02  -3.2814289e-02
   4.9382446e-02   6.6535610e-01   1.7850431e-01
  -4.1590169e-02  -3.4368425e-01  -5.4491760e-02
   8.7183020e-02   1.1199238e-03   9.1135312e-02
  -9.7636302e-03  -1.5468548e-02  -4.8777633e-02
   3.8307797e-02   5.5178088e-01   1.1266166e-01
  -6.9939275e-02  -7.9609496e-02  -1.4133926e-01
   6.1142278e-02   5.1333370e-01   3.4910337e-01
  -3.4261752e-02  -3.0816182e-01   9.3426187e-02
   1.1145313e-01  -5.2046303e-02   2.5682028e-01
  -1.5822870e-02   2.3090631e-02  -1.1510206e-01
   3.5094982e-02   3.5783098e-01   1.8327369e-01
  -7.3623445e-02   5.2402355e-02  -2.3750506e-01
   7.7199348e-02   2.1846120e-01   5.2967558e-01
  -4.1422663e-03  -4.5920940e-01   3.1562577e-01
   1.7256784e-01  -2.2886006e-01   5.5483800e-01
  -3.5303617e-02   1.2591464e-01  -2.4764708e-01
   2.5472896e-02   1.6589595e-01   2.0919528e-01
  -6.8324934e-02   1.8714843e-01  -3.2340583e-01
   6.0969438e-02  -7.5302111e-02   5.7845237e-01
  -6.4621728e-03  -5.8956846e-01   1.6911876e-01
   2.0072010e-01  -3.3098001e-01   8.0321313e-01
  -4.4604047e-02   2.6318790e-01  -3.2785445e-01
   6.7547763e-03   5.0555002e-03   1.4904755e-01
  -3.6602604e-02   2.5270808e-01  -3.4473034e-01
