   5.1696125e+01
  -6.6048582e+00
   1.9284454e+01
  -1.1283313e+01
  -2.6495447e+01
   6.5369543e+00
  -2.0062684e+01
  -2.2777881e+01
   1.6029199e+01
   3.6431677e+01
  -1.9897168e+00
  -1.4566346e+01
  -2.8918799e+01
   8.3911140e+01
  -3.5377391e+01
   2.7486131e+00
  -2.6678648e+01
   1.7444940e+01
   5.3905109e+00
   2.6119349e+01
   2.6027244e+00
   2.4603655e+01
   2.4631056e+00
  -1.9664583e+00
  -5.4205788e+00
   4.1368414e+01
  -1.8832480e+01
   1.7287970e+01
   1.4126958e+00
   1.1458049e+01
  -1.8973986e+01
   7.3088104e+01
  -2.1285131e+01
   1.4795947e+01
  -1.0285274e+01
   1.8801334e+01
   9.5714512e+00
   9.3320678e+00
   5.3269297e+00
   6.4529897e+01
   7.8565847e+00
  -8.1653792e-01
   7.9881692e-01
   3.9487904e+01
  -1.5282142e+00
   5.8808400e+01
   1.1245536e+00
   1.8300059e+01
   5.1219884e+00
   5.6702414e+01
  -5.8217004e+00
   5.5829506e+01
  -9.2568596e+00
   2.7248681e+01
   8.9915249e+00
   4.3979768e+01
  -1.1901028e+01
   4.8962270e+01
  -2.0829068e+01
   3.3848130e+01
   1.4355350e+01
   7.7330927e+01
  -2.0899927e+01
   3.5947860e+01
  -3.5788884e+01
   3.8873687e+01
