   7.1000914e+01  -2.8564958e+01   1.0862128e+01   2.0894600e+02   4.8184763e+01  -2.0413333e+02
   6.9369050e+01  -2.7954949e+01   1.0963916e+01   2.1092636e+02   4.6360315e+01  -2.0446427e+02
   6.7725549e+01  -2.7353102e+01   1.1083611e+01   2.1289983e+02   4.4621772e+01  -2.0477570e+02
   6.6078232e+01  -2.6769114e+01   1.1215594e+01   2.1484341e+02   4.3008761e+01  -2.0505090e+02
   6.4434076e+01  -2.6212144e+01   1.1352491e+01   2.1673619e+02   4.1553670e+01  -2.0527442e+02
   6.2799938e+01  -2.5690627e+01   1.1485545e+01   2.1855961e+02   4.0279431e+01  -2.0543319e+02
   6.1183002e+01  -2.5211995e+01   1.1605200e+01   2.2029778e+02   3.9198274e+01  -2.0551751e+02
   5.9590939e+01  -2.4782351e+01   1.1701831e+01   2.2193773e+02   3.8311566e+01  -2.0552180e+02
   5.8031778e+01  -2.4406086e+01   1.1766604e+01   2.2346967e+02   3.7610703e+01  -2.0544494e+02
   5.6513661e+01  -2.4085527e+01   1.1792394e+01   2.2488719e+02   3.7078829e+01  -2.0529042e+02
   5.5044610e+01  -2.3820703e+01   1.1774627e+01   2.2618725e+02   3.6693104e+01  -2.0506603e+02
   5.3632337e+01  -2.3609249e+01   1.1711948e+01   2.2737003e+02   3.6427215e+01  -2.0478334e+02
   5.2284203e+01  -2.3446550e+01   1.1606557e+01   2.2843841e+02   3.6253809e+01  -2.0445693e+02
   5.1007205e+01  -2.3326103e+01   1.1464187e+01   2.2939739e+02   3.6146655e+01  -2.0410339e+02
   4.9807974e+01  -2.3240093e+01   1.1293658e+01   2.3025331e+02   3.6082333e+01  -2.0374024e+02
   4.8692700e+01  -2.3180116e+01   1.1106082e+01   2.3101318e+02   3.6041394e+01  -2.0338471e+02
   4.7666932e+01  -2.3137950e+01   1.0913795e+01   2.3168404e+02   3.6008943e+01  -2.0305266e+02
   4.6735252e+01  -2.3106269e+01   1.0729173e+01   2.3227267e+02   3.5974710e+01  -2.0275749e+02
   4.5900881e+01  -2.3079188e+01   1.0563477e+01   2.3278539e+02   3.5932676e+01  -2.0250944e+02
   4.5165257e+01  -2.3052569e+01   1.0425893e+01   2.3322816e+02   3.5880390e+01  -2.0231503e+02
   4.4527702e+01  -2.3024065e+01   1.0322865e+01   2.3360669e+02   3.5818123e+01  -2.0217702e+02
   4.3985233e+01  -2.2992938e+01   1.0257782e+01   2.3392666e+02   3.5747973e+01  -2.0209456e+02
   4.3532566e+01  -2.2959701e+01   1.0231012e+01   2.3419384e+02   3.5673047e+01  -2.0206375e+02
   4.3162320e+01  -2.2925700e+01   1.0240220e+01   2.3441414e+02   3.5596778e+01  -2.0207828e+02
   4.2865433e+01  -2.2892690e+01   1.0280884e+01   2.3459357e+02   3.5522410e+01  -2.0213026e+02
   4.2631674e+01  -2.2862475e+01   1.0346929e+01   2.3473808e+02   3.5452667e+01  -2.0221094e+02
   4.2450262e+01  -2.2836628e+01   1.0431404e+01   2.3485345e+02   3.5389573e+01  -2.0231145e+02
   4.2310463e+01  -2.2816304e+01   1.0527125e+01   2.3494507e+02   3.5334416e+01  -2.0242333e+02
   4.2202153e+01  -2.2802133e+01   1.0627246e+01   2.3501780e+02   3.5287801e+01  -2.0253908e+02
   4.2116264e+01  -2.2794202e+01   1.0725715e+01   2.3507587e+02   3.5249776e+01  -2.0265237e+02
   4.2045103e+01  -2.2792087e+01   1.0817592e+01   2.3512280e+02   3.5219971e+01  -2.0275828e+02
   4.1982540e+01  -2.2794947e+01   1.0899231e+01   2.3516144e+02   3.5197737e+01  -2.0285335e+02
   4.1924013e+01  -2.2801638e+01   1.0968327e+01   2.3519394e+02   3.5182273e+01  -2.0293548e+02
   4.1866453e+01  -2.2810847e+01   1.1023850e+01   2.3522188e+02   3.5172702e+01  -2.0300381e+02
   4.1808088e+01  -2.2821230e+01   1.1065892e+01   2.3524636e+02   3.5168128e+01  -2.0305849e+02
   4.1748201e+01  -2.2831529e+01   1.1095444e+01   2.3526806e+02   3.5167652e+01  -2.0310045e+02
   4.1686843e+01  -2.2840675e+01   1.1114157e+01   2.3528737e+02   3.5170388e+01  -2.0313112e+02
   4.1624569e+01  -2.2847861e+01   1.1124078e+01   2.3530450e+02   3.5175465e+01  -2.0315218e+02
   4.1562186e+01  -2.2852593e+01   1.1127412e+01   2.3531952e+02   3.5182041e+01  -2.0316541e+02
   4.1500555e+01  -2.2854706e+01   1.1126312e+01   2.3533242e+02   3.5189334e+01  -2.0317245e+02
   4.1440433e+01  -2.2854360e+01   1.1122710e+01   2.3534321e+02   3.5196673e+01  -2.0317475e+02
   4.1382384e+01  -2.2852012e+01   1.1118190e+01   2.3535189e+02   3.5203552e+01  -2.0317353e+02
   4.1326718e+01  -2.2848358e+01   1.1113915e+01   2.3535853e+02   3.5209703e+01  -2.0316979e+02
   4.1273492e+01  -2.2844263e+01   1.1110597e+01   2.3536327e+02   3.5215147e+01  -2.0316433e+02
   4.1222535e+01  -2.2840678e+01   1.1108509e+01   2.3536639e+02   3.5220233e+01  -2.0315787e+02
   4.1173499e+01  -2.2838550e+01   1.1107540e+01   2.3536829e+02   3.5225646e+01  -2.0315113e+02
   4.1125920e+01  -2.2838735e+01   1.1107273e+01   2.3536958e+02   3.5232375e+01  -2.0314486e+02
   4.1079274e+01  -2.2841928e+01   1.1107083e+01   2.3537105e+02   3.5241660e+01  -2.0313998e+02
   4.1033022e+01  -2.2848614e+01   1.1106240e+01   2.3537370e+02   3.5254894e+01  -2.0313757e+02
   4.0986633e+01  -2.2859046e+01   1.1104007e+01   2.3537871e+02   3.5273521e+01  -2.0313890e+02
   4.0939587e+01  -2.2873257e+01   1.1099722e+01   2.3538738e+02   3.5298919e+01  -2.0314540e+02
   4.0891365e+01  -2.2891107e+01   1.1092864e+01   2.3540112e+02   3.5332298e+01  -2.0315867e+02
   4.0841429e+01  -2.2912354e+01   1.1083085e+01   2.3542129e+02   3.5374618e+01  -2.0318041e+02
   4.0789205e+01  -2.2936738e+01   1.1070236e+01   2.3544920e+02   3.5426542e+01  -2.0321235e+02
   4.0734092e+01  -2.2964089e+01   1.1054345e+01   2.3548597e+02   3.5488427e+01  -2.0325624e+02
   4.0675474e+01  -2.2994406e+01   1.1035596e+01   2.3553253e+02   3.5560371e+01  -2.0331379e+02
   4.0612787e+01  -2.3027944e+01   1.1014259e+01   2.3558957e+02   3.5642273e+01  -2.0338669e+02
   4.0545572e+01  -2.3065241e+01   1.0990602e+01   2.3565758e+02   3.5733944e+01  -2.0347660e+02
   4.0473539e+01  -2.3107135e+01   1.0964787e+01   2.3573690e+02   3.5835209e+01  -2.0358529e+02
   4.0396609e+01  -2.3154721e+01   1.0936760e+01   2.3582779e+02   3.5946016e+01  -2.0371464e+02
   4.0314916e+01  -2.3209277e+01   1.0906148e+01   2.3593050e+02   3.6066527e+01  -2.0386678e+02
   4.0228742e+01  -2.3272149e+01   1.0872183e+01   2.3604534e+02   3.6197183e+01  -2.0404415e+02
   4.0138418e+01  -2.3344632e+01   1.0833667e+01   2.3617272e+02   3.6338747e+01  -2.0424953e+02
   4.0044179e+01  -2.3427842e+01   1.0788980e+01   2.3631312e+02   3.6492317e+01  -2.0448604e+02
   3.9946012e+01  -2.3522606e+01   1.0736144e+01   2.3646705e+02   3.6659312e+01  -2.0475705e+02
   3.9843524e+01  -2.3629395e+01   1.0672939e+01   2.3663500e+02   3.6841447e+01  -2.0506606e+02
   3.9735860e+01  -2.3748277e+01   1.0597075e+01   2.3681731e+02   3.7040684e+01  -2.0541645e+02
   3.9621681e+01  -2.3878932e+01   1.0506384e+01   2.3701405e+02   3.7259186e+01  -2.0581122e+02
   3.9499221e+01  -2.4020681e+01   1.0399038e+01   2.3722495e+02   3.7499270e+01  -2.0625268e+02
   3.9366405e+01  -2.4172546e+01   1.0273741e+01   2.3744926e+02   3.7763364e+01  -2.0674213e+02
   3.9221014e+01  -2.4333308e+01   1.0129900e+01   2.3768583e+02   3.8053970e+01  -2.0727952e+02
   3.9060841e+01  -2.4501562e+01   9.9677405e+00   2.3793307e+02   3.8373638e+01  -2.0786319e+02
   3.8883872e+01  -2.4675760e+01   9.7883779e+00   2.3818904e+02   3.8724947e+01  -2.0848968e+02
   3.8688377e+01  -2.4854226e+01   9.5938130e+00   2.3845167e+02   3.9110486e+01  -2.0915360e+02
   3.8472984e+01  -2.5035156e+01   9.3868812e+00   2.3871882e+02   3.9532848e+01  -2.0984763e+02
   3.8236667e+01  -2.5216602e+01   9.1711393e+00   2.3898857e+02   3.9994627e+01  -2.1056261e+02
   3.7978702e+01  -2.5396449e+01   8.9507071e+00   2.3925931e+02   4.0498417e+01  -2.1128777e+02
   3.7698582e+01  -2.5572406e+01   8.7300685e+00   2.3952993e+02   4.1046818e+01  -2.1201096e+02
   3.7395911e+01  -2.5741999e+01   8.5138541e+00   2.3979988e+02   4.1642454e+01  -2.1271909e+02
   3.7070299e+01  -2.5902589e+01   8.3066167e+00   2.4006931e+02   4.2287985e+01  -2.1339847e+02
   3.6721290e+01  -2.6051411e+01   8.1126121e+00   2.4033899e+02   4.2986142e+01  -2.1403529e+02
   3.6348308e+01  -2.6185645e+01   7.9356093e+00   2.4061031e+02   4.3739755e+01  -2.1461608e+02
   3.5950644e+01  -2.6302493e+01   7.7787410e+00   2.4088522e+02   4.4551804e+01  -2.1512813e+02
   3.5527489e+01  -2.6399292e+01   7.6443900e+00   2.4116613e+02   4.5425453e+01  -2.1555993e+02
   3.5077959e+01  -2.6473615e+01   7.5341392e+00   2.4145582e+02   4.6364108e+01  -2.1590153e+02
   3.4601165e+01  -2.6523387e+01   7.4487502e+00   2.4175739e+02   4.7371437e+01  -2.1614493e+02
   3.4096264e+01  -2.6546974e+01   7.3881940e+00   2.4207418e+02   4.8451391e+01  -2.1628429e+02
   3.3562489e+01  -2.6543253e+01   7.3517039e+00   2.4240982e+02   4.9608181e+01  -2.1631622e+02
   3.2999175e+01  -2.6511660e+01   7.3378614e+00   2.4276825e+02   5.0846219e+01  -2.1623981e+02
   3.2405727e+01  -2.6452200e+01   7.3446925e+00   2.4315377e+02   5.2170016e+01  -2.1605672e+02
   3.1781587e+01  -2.6365432e+01   7.3697736e+00   2.4357123e+02   5.3584049e+01  -2.1577111e+02
   3.1126158e+01  -2.6252426e+01   7.4103332e+00   2.4402613e+02   5.5092595e+01  -2.1538941e+02
   3.0438709e+01  -2.6114700e+01   7.4633455e+00   2.4452482e+02   5.6699558e+01  -2.1492013e+02
   2.9718274e+01  -2.5954151e+01   7.5255957e+00   2.4507467e+02   5.8408305e+01  -2.1437348e+02
   2.8963541e+01  -2.5772981e+01   7.5937252e+00   2.4568426e+02   6.0221534e+01  -2.1376100e+02
   2.8172737e+01  -2.5573631e+01   7.6642414e+00   2.4636355e+02   6.2141188e+01  -2.1309514e+02
   2.7343524e+01  -2.5358720e+01   7.7335095e+00   2.4712406e+02   6.4168447e+01  -2.1238883e+02
   2.6472893e+01  -2.5130983e+01   7.7977360e+00   2.4797900e+02   6.6303793e+01  -2.1165510e+02
   2.5557058e+01  -2.4893197e+01   7.8529382e+00   2.4894337e+02   6.8547159e+01  -2.1090668e+02
   2.4591377e+01  -2.4648088e+01   7.8949322e+00   2.5003404e+02   7.0898154e+01  -2.1015570e+02
   2.3570285e+01  -2.4398206e+01   7.9193292e+00   2.5126981e+02   7.3356363e+01  -2.0941336e+02
   2.2487245e+01  -2.4145766e+01   7.9215520e+00   2.5267133e+02   7.5921693e+01  -2.0868970e+02
   2.1334766e+01  -2.3892484e+01   7.8968700e+00   2.5426105e+02   7.8594750e+01  -2.0799344e+02
   2.0104449e+01  -2.3639382e+01   7.8404436e+00   2.5606308e+02   8.1377197e+01  -2.0733181e+02
   1.8787131e+01  -2.3386625e+01   7.7473835e+00   2.5810300e+02   8.4272073e+01  -2.0671046e+02
   1.7373098e+01  -2.3133388e+01   7.6128084e+00   2.6040760e+02   8.7283983e+01  -2.0613341e+02
   1.5852407e+01  -2.2877774e+01   7.4319040e+00   2.6300455e+02   9.0419142e+01  -2.0560301e+02
   1.4215325e+01  -2.2616805e+01   7.1999953e+00   2.6592206e+02   9.3685182e+01  -2.0511995e+02
   1.2452876e+01  -2.2346502e+01   6.9126132e+00   2.6918844e+02   9.7090736e+01  -2.0468327e+02
   1.0557545e+01  -2.2062054e+01   6.5656500e+00   2.7283149e+02   1.0064471e+02  -2.0429041e+02
   8.5240783e+00  -2.1758109e+01   6.1555602e+00   2.7687790e+02   1.0435530e+02  -2.0393714e+02
   6.3503772e+00  -2.1429164e+01   5.6796963e+00   2.8135245e+02   1.0822885e+02  -2.0361772e+02
   4.0384613e+00  -2.1070126e+01   5.1367698e+00   2.8627710e+02   1.1226845e+02  -2.0332494e+02
   1.5953051e+00  -2.0676932e+01   4.5274615e+00   2.9167008e+02   1.1647273e+02  -2.0305046e+02
  -9.6639507e-01  -2.0247295e+01   3.8550946e+00   2.9754489e+02   1.2083460e+02  -2.0278525e+02
  -3.6277493e+00  -1.9781440e+01   3.1263186e+00   3.0390945e+02   1.2534050e+02  -2.0252030e+02
  -6.3635222e+00  -1.9282776e+01   2.3516071e+00   3.1076549e+02   1.2996993e+02  -2.0224750e+02
  -9.1422933e+00  -1.8758416e+01   1.5453462e+00   3.1810833e+02   1.3469554e+02  -2.0196061e+02
  -1.1926970e+01  -1.8219478e+01   7.2535151e-01   3.2592709e+02   1.3948380e+02  -2.0165617e+02
  -1.4675582e+01  -1.7681111e+01  -8.8287376e-02   3.3420553e+02   1.4429608e+02  -2.0133392e+02
  -1.7342294e+01  -1.7162139e+01  -8.7502099e-01   3.4292329e+02   1.4909029e+02  -2.0099686e+02
  -1.9878742e+01  -1.6684207e+01  -1.6159376e+00   3.5205751e+02   1.5382291e+02  -2.0065052e+02
  -2.2235758e+01  -1.6270336e+01  -2.2956023e+00   3.6158449e+02   1.5845095e+02  -2.0030194e+02
  -2.4365613e+01  -1.5943004e+01  -2.9031715e+00   3.7148129e+02   1.6293343e+02  -1.9995853e+02
  -2.6224755e+01  -1.5722169e+01  -3.4322649e+00   3.8172681e+02   1.6723191e+02  -1.9962722e+02
  -2.7776562e+01  -1.5623653e+01  -3.8799687e+00   3.9230242e+02   1.7131025e+02  -1.9931390e+02
  -2.8993747e+01  -1.5658098e+01  -4.2453243e+00   4.0319196e+02   1.7513397e+02  -1.9902310e+02
  -2.9859993e+01  -1.5830452e+01  -4.5279859e+00   4.1438137e+02   1.7866996e+02  -1.9875770e+02
  -3.0370735e+01  -1.6139740e+01  -4.7274519e+00   4.2585819e+02   1.8188665e+02  -1.9851881e+02
  -3.0533143e+01  -1.6579069e+01  -4.8429368e+00   4.3761121e+02   1.8475491e+02  -1.9830567e+02
  -3.0365310e+01  -1.7135857e+01  -4.8738288e+00   4.4963029e+02   1.8724918e+02  -1.9811592e+02
  -2.9894681e+01  -1.7792426e+01  -4.8204887e+00   4.6190646e+02   1.8934880e+02  -1.9794598e+02
  -2.9155817e+01  -1.8527024e+01  -4.6850779e+00   4.7443196e+02   1.9103916e+02  -1.9779167e+02
  -2.8187625e+01  -1.9315291e+01  -4.4721338e+00   4.8720024e+02   1.9231241e+02  -1.9764898e+02
  -2.7030324e+01  -2.0132026e+01  -4.1887225e+00   5.0020575e+02   1.9316763e+02  -1.9751478e+02
  -2.5722520e+01  -2.0953046e+01  -3.8440950e+00   5.1344351e+02   1.9361032e+02  -1.9738727e+02
  -2.4298770e+01  -2.1756832e+01  -3.4489667e+00   5.2690876e+02   1.9365121e+02  -1.9726631e+02
  -2.2787905e+01  -2.2525766e+01  -3.0145975e+00   5.4059662e+02   1.9330477e+02  -1.9715333e+02
  -2.1212239e+01  -2.3246835e+01  -2.5519093e+00   5.5450201e+02   1.9258740e+02  -1.9705104e+02
  -1.9587647e+01  -2.3911773e+01  -2.0708279e+00   5.6861995e+02   1.9151580e+02  -1.9696290e+02
  -1.7924305e+01  -2.4516779e+01  -1.5798950e+00   5.8294585e+02   1.9010565e+02  -1.9689268e+02
  -1.6227838e+01  -2.5061910e+01  -1.0862302e+00   5.9747613e+02   1.8837076e+02  -1.9684397e+02
  -1.4500697e+01  -2.5550314e+01  -5.9567805e-01   6.1220860e+02   1.8632275e+02  -1.9681988e+02
  -1.2743473e+01  -2.5987398e+01  -1.1311398e-01   6.2714287e+02   1.8397119e+02  -1.9682284e+02
  -1.0956061e+01  -2.6380039e+01   3.5724618e-01   6.4228051e+02   1.8132407e+02  -1.9685462e+02
  -9.1386024e+00  -2.6735843e+01   8.1159546e-01   6.5762494e+02   1.7838862e+02  -1.9691634e+02
  -7.2920638e+00  -2.7062523e+01   1.2463881e+00   6.7318126e+02   1.7517205e+02  -1.9700860e+02
  -5.4186112e+00  -2.7367352e+01   1.6583571e+00   6.8895580e+02   1.7168241e+02  -1.9713154e+02
  -3.5215986e+00  -2.7656735e+01   2.0445899e+00   7.0495563e+02   1.6792917e+02  -1.9728492e+02
  -1.6054247e+00  -2.7935866e+01   2.4027254e+00   7.2118798e+02   1.6392370e+02  -1.9746811e+02
   3.2490337e-01  -2.8208518e+01   2.7311167e+00   7.3765975e+02   1.5967939e+02  -1.9768005e+02
   2.2642295e+00  -2.8476932e+01   3.0289759e+00   7.5437698e+02   1.5521171e+02  -1.9791919e+02
   4.2077714e+00  -2.8741829e+01   3.2964228e+00   7.7134460e+02   1.5053795e+02  -1.9818338e+02
   6.1515988e+00  -2.9002572e+01   3.5344422e+00   7.8856614e+02   1.4567705e+02  -1.9846991e+02
   8.0929427e+00  -2.9257394e+01   3.7447386e+00   8.0604371e+02   1.4064931e+02  -1.9877543e+02
   1.0030466e+01  -2.9503807e+01   3.9295104e+00   8.2377804e+02   1.3547623e+02  -1.9909616e+02
   1.1964145e+01  -2.9738943e+01   4.0911964e+00   8.4176857e+02   1.3018045e+02  -1.9942794e+02
   1.3895240e+01  -2.9960024e+01   4.2321560e+00   8.6001366e+02   1.2478576e+02  -1.9976654e+02
   1.5825912e+01  -3.0164716e+01   4.3544321e+00   8.7851063e+02   1.1931734e+02  -2.0010791e+02
   1.7758825e+01  -3.0351405e+01   4.4595457e+00   8.9725591e+02   1.1380189e+02  -2.0044848e+02
   1.9696726e+01  -3.0519372e+01   4.5484152e+00   9.1624494e+02   1.0826793e+02  -2.0078544e+02
   2.1641998e+01  -3.0668808e+01   4.6213775e+00   9.3547207e+02   1.0274587e+02  -2.0111692e+02
   2.3596282e+01  -3.0800674e+01   4.6783621e+00   9.5493020e+02   9.7268155e+01  -2.0144223e+02
   2.5560356e+01  -3.0916512e+01   4.7191525e+00   9.7461041e+02   9.1869042e+01  -2.0176183e+02
   2.7533926e+01  -3.1018058e+01   4.7437304e+00   9.9450148e+02   8.6584382e+01  -2.0207733e+02
   2.9515682e+01  -3.1106843e+01   4.7526423e+00   1.0145893e+03   8.1451150e+01  -2.0239130e+02
   3.1503528e+01  -3.1183838e+01   4.7473327e+00   1.0348565e+03   7.6506819e+01  -2.0270701e+02
   3.3494615e+01  -3.1249003e+01   4.7303978e+00   1.0552816e+03   7.1788666e+01  -2.0302809e+02
   3.5485656e+01  -3.1301047e+01   4.7057263e+00   1.0758391e+03   6.7332927e+01  -2.0335807e+02
   3.7473152e+01  -3.1337265e+01   4.6785021e+00   1.0964991e+03   6.3173905e+01  -2.0369996e+02
   3.9453538e+01  -3.1353532e+01   4.6550757e+00   1.1172270e+03   5.9343097e+01  -2.0405578e+02
   4.1423323e+01  -3.1344479e+01   4.6427146e+00   1.1379839e+03   5.5868300e+01  -2.0442616e+02
   4.3379114e+01  -3.1303816e+01   4.6492648e+00   1.1587270e+03   5.2772824e+01  -2.0481005e+02
   4.5317650e+01  -3.1224804e+01   4.6826807e+00   1.1794095e+03   5.0074772e+01  -2.0520450e+02
   4.7235607e+01  -3.1100787e+01   4.7505575e+00   1.1999820e+03   4.7786468e+01  -2.0560475e+02
   4.9129503e+01  -3.0925830e+01   4.8596225e+00   1.2203926e+03   4.5914006e+01  -2.0600439e+02
   5.0995422e+01  -3.0695306e+01   5.0152448e+00   1.2405878e+03   4.4456959e+01  -2.0639585e+02
   5.2828900e+01  -3.0406516e+01   5.2209743e+00   1.2605136e+03   4.3408178e+01  -2.0677099e+02
   5.4624672e+01  -3.0059153e+01   5.4781764e+00   1.2801157e+03   4.2753747e+01  -2.0712194e+02
   5.6376623e+01  -2.9655705e+01   5.7857607e+00   1.2993408e+03   4.2473006e+01  -2.0744198e+02
   5.8077640e+01  -2.9201599e+01   6.1400342e+00   1.3181363e+03   4.2538679e+01  -2.0772644e+02
   5.9719806e+01  -2.8705261e+01   6.5346952e+00   1.3364517e+03   4.2917041e+01  -2.0797352e+02
   6.1294288e+01  -2.8177767e+01   6.9609677e+00   1.3542381e+03   4.3568219e+01  -2.0818491e+02
   6.2791627e+01  -2.7632391e+01   7.4079123e+00   1.3714490e+03   4.4446520e+01  -2.0836613e+02
   6.4201933e+01  -2.7083858e+01   7.8628722e+00   1.3880407e+03   4.5500970e+01  -2.0852648e+02
   6.5514970e+01  -2.6547388e+01   8.3121403e+00   1.4039731e+03   4.6676071e+01  -2.0867864e+02
   6.6720572e+01  -2.6037742e+01   8.7416810e+00   1.4192101e+03   4.7912811e+01  -2.0883787e+02
   6.7808875e+01  -2.5568220e+01   9.1380110e+00   1.4337207e+03   4.9150088e+01  -2.0902104e+02
   6.8770587e+01  -2.5149782e+01   9.4890450e+00   1.4474802e+03   5.0326476e+01  -2.0924542e+02
   6.9597449e+01  -2.4790441e+01   9.7848865e+00   1.4604711e+03   5.1382371e+01  -2.0952752e+02
   7.0282602e+01  -2.4494902e+01   1.0018408e+01   1.4726843e+03   5.2262395e+01  -2.0988202e+02
   7.0820995e+01  -2.4264505e+01   1.0185609e+01   1.4841191e+03   5.2917957e+01  -2.1032082e+02
   7.1209889e+01  -2.4097471e+01   1.0285698e+01   1.4947842e+03   5.3309731e+01  -2.1085237e+02
   7.1449332e+01  -2.3989363e+01   1.0320906e+01   1.5046964e+03   5.3409926e+01  -2.1148109e+02
   7.1542515e+01  -2.3933664e+01   1.0296115e+01   1.5138804e+03   5.3204060e+01  -2.1220708e+02
   7.1496178e+01  -2.3922452e+01   1.0218318e+01   1.5223665e+03   5.2692128e+01  -2.1302587e+02
   7.1320808e+01  -2.3947045e+01   1.0096012e+01   1.5301890e+03   5.1888979e+01  -2.1392836e+02
   7.1030659e+01  -2.3998592e+01   9.9386440e+00   1.5373829e+03   5.0823806e+01  -2.1490091e+02
   7.0643631e+01  -2.4068591e+01   9.7560471e+00   1.5439818e+03   4.9538729e+01  -2.1592559e+02
   7.0180761e+01  -2.4149276e+01   9.5580056e+00   1.5500148e+03   4.8086498e+01  -2.1698069e+02
   6.9665528e+01  -2.4233930e+01   9.3538384e+00   1.5555046e+03   4.6527441e+01  -2.1804157e+02
   6.9122786e+01  -2.4317063e+01   9.1520719e+00   1.5604660e+03   4.4925794e+01  -2.1908176e+02
   6.8577472e+01  -2.4394486e+01   8.9601726e+00   1.5649059e+03   4.3345648e+01  -2.2007449e+02
   6.8053094e+01  -2.4463318e+01   8.7842609e+00   1.5688249e+03   4.1846853e+01  -2.2099438e+02
