   2.3914782e+00   1.3600402e+01  -2.9325017e+01   2.5545116e+02   8.9722908e+01  -2.0024930e+02
   8.0905578e-01   1.3759813e+01  -2.8831467e+01   2.5866297e+02   8.6550455e+01  -2.0089635e+02
  -7.6299524e-01   1.3907305e+01  -2.8351040e+01   2.6183714e+02   8.3421495e+01  -2.0153314e+02
  -2.3297280e+00   1.4044303e+01  -2.7886291e+01   2.6494349e+02   8.0379065e+01  -2.0213846e+02
  -3.8962213e+00   1.4173613e+01  -2.7440304e+01   2.6795443e+02   7.7459606e+01  -2.0269044e+02
  -5.4660065e+00   1.4299215e+01  -2.7017007e+01   2.7084502e+02   7.4691650e+01  -2.0316774e+02
  -7.0399341e+00   1.4425962e+01  -2.6621268e+01   2.7359323e+02   7.2095118e+01  -2.0355083e+02
  -8.6155873e+00   1.4559171e+01  -2.6258698e+01   2.7618050e+02   6.9681312e+01  -2.0382341e+02
  -1.0187128e+01   1.4704136e+01  -2.5935201e+01   2.7859250e+02   6.7453534e+01  -2.0397371e+02
  -1.1745439e+01   1.4865576e+01  -2.5656341e+01   2.8081965e+02   6.5408281e+01  -2.0399566e+02
  -1.3278508e+01   1.5047044e+01  -2.5426640e+01   2.8285736e+02   6.3536880e+01  -2.0388969e+02
  -1.4771951e+01   1.5250358e+01  -2.5248922e+01   2.8470586e+02   6.1827365e+01  -2.0366320e+02
  -1.6209698e+01   1.5475130e+01  -2.5123813e+01   2.8636958e+02   6.0266392e+01  -2.0333039e+02
  -1.7574801e+01   1.5718490e+01  -2.5049521e+01   2.8785627e+02   5.8840972e+01  -2.0291151e+02
  -1.8850373e+01   1.5975079e+01  -2.5021891e+01   2.8917593e+02   5.7539817e+01  -2.0243160e+02
  -2.0020634e+01   1.6237370e+01  -2.5034760e+01   2.9033990e+02   5.6354159e+01  -2.0191860e+02
  -2.1071991e+01   1.6496312e+01  -2.5080524e+01   2.9136002e+02   5.5277976e+01  -2.0140122e+02
  -2.1994062e+01   1.6742213e+01  -2.5150829e+01   2.9224809e+02   5.4307657e+01  -2.0090671e+02
  -2.2780521e+01   1.6965761e+01  -2.5237277e+01   2.9301558e+02   5.3441247e+01  -2.0045877e+02
  -2.3429640e+01   1.7158985e+01  -2.5332060e+01   2.9367348e+02   5.2677443e+01  -2.0007596e+02
  -2.3944460e+01   1.7316034e+01  -2.5428433e+01   2.9423239e+02   5.2014582e+01  -1.9977073e+02
  -2.4332561e+01   1.7433650e+01  -2.5521025e+01   2.9470254e+02   5.1449780e+01  -1.9954906e+02
  -2.4605464e+01   1.7511318e+01  -2.5605957e+01   2.9509388e+02   5.0978381e+01  -1.9941084e+02
  -2.4777757e+01   1.7551079e+01  -2.5680832e+01   2.9541609e+02   5.0593739e+01  -1.9935064e+02
  -2.4866047e+01   1.7557119e+01  -2.5744593e+01   2.9567858e+02   5.0287345e+01  -1.9935890e+02
  -2.4887868e+01   1.7535195e+01  -2.5797323e+01   2.9589036e+02   5.0049210e+01  -1.9942322e+02
  -2.4860619e+01   1.7491983e+01  -2.5839980e+01   2.9605993e+02   4.9868438e+01  -1.9952964e+02
  -2.4800642e+01   1.7434447e+01  -2.5874126e+01   2.9619518e+02   4.9733873e+01  -1.9966393e+02
  -2.4722474e+01   1.7369261e+01  -2.5901641e+01   2.9630320e+02   4.9634740e+01  -1.9981258e+02
  -2.4638340e+01   1.7302371e+01  -2.5924469e+01   2.9639018e+02   4.9561201e+01  -1.9996367e+02
  -2.4557847e+01   1.7238678e+01  -2.5944405e+01   2.9646136e+02   4.9504777e+01  -2.0010744e+02
  -2.4487911e+01   1.7181873e+01  -2.5962940e+01   2.9652101e+02   4.9458606e+01  -2.0023660e+02
  -2.4432866e+01   1.7134425e+01  -2.5981160e+01   2.9657243e+02   4.9417523e+01  -2.0034636e+02
  -2.4394729e+01   1.7097659e+01  -2.5999710e+01   2.9661803e+02   4.9377995e+01  -2.0043435e+02
  -2.4373564e+01   1.7071931e+01  -2.6018807e+01   2.9665949e+02   4.9337927e+01  -2.0050024e+02
  -2.4367926e+01   1.7056837e+01  -2.6038303e+01   2.9669782e+02   4.9296392e+01  -2.0054536e+02
  -2.4375315e+01   1.7051441e+01  -2.6057775e+01   2.9673357e+02   4.9253309e+01  -2.0057220e+02
  -2.4392622e+01   1.7054489e+01  -2.6076637e+01   2.9676694e+02   4.9209144e+01  -2.0058391e+02
  -2.4416537e+01   1.7064576e+01  -2.6094263e+01   2.9679792e+02   4.9164631e+01  -2.0058389e+02
  -2.4443893e+01   1.7080290e+01  -2.6110103e+01   2.9682637e+02   4.9120569e+01  -2.0057543e+02
  -2.4471924e+01   1.7100294e+01  -2.6123777e+01   2.9685215e+02   4.9077674e+01  -2.0056139e+02
  -2.4498461e+01   1.7123379e+01  -2.6135147e+01   2.9687515e+02   4.9036522e+01  -2.0054409e+02
  -2.4522030e+01   1.7148494e+01  -2.6144351e+01   2.9689534e+02   4.8997538e+01  -2.0052523e+02
  -2.4541889e+01   1.7174747e+01  -2.6151792e+01   2.9691283e+02   4.8961037e+01  -2.0050590e+02
  -2.4557988e+01   1.7201390e+01  -2.6158100e+01   2.9692789e+02   4.8927288e+01  -2.0048675e+02
  -2.4570880e+01   1.7227795e+01  -2.6164067e+01   2.9694095e+02   4.8896576e+01  -2.0046804e+02
  -2.4581598e+01   1.7253431e+01  -2.6170555e+01   2.9695267e+02   4.8869257e+01  -2.0044993e+02
  -2.4591504e+01   1.7277837e+01  -2.6178422e+01   2.9696393e+02   4.8845772e+01  -2.0043254e+02
  -2.4602135e+01   1.7300603e+01  -2.6188451e+01   2.9697584e+02   4.8826637e+01  -2.0041614e+02
  -2.4615056e+01   1.7321363e+01  -2.6201308e+01   2.9698968e+02   4.8812388e+01  -2.0040128e+02
  -2.4631729e+01   1.7339794e+01  -2.6217525e+01   2.9700693e+02   4.8803515e+01  -2.0038876e+02
  -2.4653411e+01   1.7355624e+01  -2.6237524e+01   2.9702913e+02   4.8800380e+01  -2.0037970e+02
  -2.4681078e+01   1.7368637e+01  -2.6261663e+01   2.9705789e+02   4.8803148e+01  -2.0037544e+02
  -2.4715378e+01   1.7378674e+01  -2.6290290e+01   2.9709472e+02   4.8811750e+01  -2.0037750e+02
  -2.4756622e+01   1.7385627e+01  -2.6323820e+01   2.9714103e+02   4.8825887e+01  -2.0038749e+02
  -2.4804802e+01   1.7389420e+01  -2.6362798e+01   2.9719801e+02   4.8845083e+01  -2.0040703e+02
  -2.4859646e+01   1.7390002e+01  -2.6407928e+01   2.9726661e+02   4.8868788e+01  -2.0043767e+02
  -2.4920711e+01   1.7387353e+01  -2.6460094e+01   2.9734754e+02   4.8896503e+01  -2.0048092e+02
  -2.4987489e+01   1.7381509e+01  -2.6520324e+01   2.9744127e+02   4.8927918e+01  -2.0053821e+02
  -2.5059544e+01   1.7372624e+01  -2.6589737e+01   2.9754809e+02   4.8963023e+01  -2.0061094e+02
  -2.5136640e+01   1.7361040e+01  -2.6669456e+01   2.9766816e+02   4.9002183e+01  -2.0070052e+02
  -2.5218868e+01   1.7347401e+01  -2.6760506e+01   2.9780157e+02   4.9046140e+01  -2.0080839e+02
  -2.5306742e+01   1.7332737e+01  -2.6863725e+01   2.9794837e+02   4.9095976e+01  -2.0093608e+02
  -2.5401262e+01   1.7318529e+01  -2.6979679e+01   2.9810860e+02   4.9153006e+01  -2.0108518e+02
  -2.5503934e+01   1.7306740e+01  -2.7108605e+01   2.9828230e+02   4.9218659e+01  -2.0125731e+02
  -2.5616719e+01   1.7299755e+01  -2.7250414e+01   2.9846946e+02   4.9294348e+01  -2.0145405e+02
  -2.5741927e+01   1.7300257e+01  -2.7404704e+01   2.9866997e+02   4.9381359e+01  -2.0167682e+02
  -2.5882061e+01   1.7311028e+01  -2.7570835e+01   2.9888354e+02   4.9480783e+01  -2.0192678e+02
  -2.6039630e+01   1.7334713e+01  -2.7747991e+01   2.9910963e+02   4.9593493e+01  -2.0220466e+02
  -2.6216952e+01   1.7373565e+01  -2.7935250e+01   2.9934743e+02   4.9720174e+01  -2.0251063e+02
  -2.6415992e+01   1.7429209e+01  -2.8131626e+01   2.9959580e+02   4.9861389e+01  -2.0284416e+02
  -2.6638236e+01   1.7502466e+01  -2.8336066e+01   2.9985334e+02   5.0017649e+01  -2.0320392e+02
  -2.6884627e+01   1.7593222e+01  -2.8547424e+01   3.0011849e+02   5.0189511e+01  -2.0358769e+02
  -2.7155565e+01   1.7700411e+01  -2.8764382e+01   3.0038958e+02   5.0377627e+01  -2.0399228e+02
  -2.7450965e+01   1.7822065e+01  -2.8985364e+01   3.0066508e+02   5.0582795e+01  -2.0441359e+02
  -2.7770362e+01   1.7955447e+01  -2.9208433e+01   3.0094369e+02   5.0805962e+01  -2.0484660e+02
  -2.8113057e+01   1.8097237e+01  -2.9431218e+01   3.0122452e+02   5.1048211e+01  -2.0528544e+02
  -2.8478269e+01   1.8243768e+01  -2.9650863e+01   3.0150722e+02   5.1310723e+01  -2.0572350e+02
  -2.8865304e+01   1.8391260e+01  -2.9864034e+01   3.0179202e+02   5.1594734e+01  -2.0615358e+02
  -2.9273696e+01   1.8536055e+01  -3.0066977e+01   3.0207979e+02   5.1901492e+01  -2.0656803e+02
  -2.9703336e+01   1.8674815e+01  -3.0255615e+01   3.0237200e+02   5.2232243e+01  -2.0695893e+02
  -3.0154558e+01   1.8804681e+01  -3.0425697e+01   3.0267058e+02   5.2588235e+01  -2.0731831e+02
  -3.0628182e+01   1.8923377e+01  -3.0572983e+01   3.0297788e+02   5.2970755e+01  -2.0763838e+02
  -3.1125517e+01   1.9029266e+01  -3.0693422e+01   3.0329646e+02   5.3381208e+01  -2.0791176e+02
  -3.1648313e+01   1.9121346e+01  -3.0783359e+01   3.0362898e+02   5.3821203e+01  -2.0813178e+02
  -3.2198677e+01   1.9199232e+01  -3.0839698e+01   3.0397810e+02   5.4292657e+01  -2.0829267e+02
  -3.2778964e+01   1.9263094e+01  -3.0860042e+01   3.0434639e+02   5.4797878e+01  -2.0838987e+02
  -3.3391650e+01   1.9313601e+01  -3.0842791e+01   3.0473637e+02   5.5339613e+01  -2.0842023e+02
  -3.4039202e+01   1.9351837e+01  -3.0787200e+01   3.0515050e+02   5.5921047e+01  -2.0838212e+02
  -3.4723965e+01   1.9379240e+01  -3.0693382e+01   3.0559137e+02   5.6545723e+01  -2.0827560e+02
  -3.5448085e+01   1.9397524e+01  -3.0562277e+01   3.0606179e+02   5.7217405e+01  -2.0810239e+02
  -3.6213475e+01   1.9408630e+01  -3.0395584e+01   3.0656505e+02   5.7939869e+01  -2.0786582e+02
  -3.7021847e+01   1.9414665e+01  -3.0195665e+01   3.0710512e+02   5.8716643e+01  -2.0757068e+02
  -3.7874828e+01   1.9417863e+01  -2.9965419e+01   3.0768687e+02   5.9550724e+01  -2.0722299e+02
  -3.8774156e+01   1.9420531e+01  -2.9708148e+01   3.0831625e+02   6.0444288e+01  -2.0682975e+02
  -3.9721946e+01   1.9425010e+01  -2.9427403e+01   3.0900051e+02   6.1398429e+01  -2.0639858e+02
  -4.0721025e+01   1.9433599e+01  -2.9126841e+01   3.0974826e+02   6.2412948e+01  -2.0593744e+02
  -4.1775278e+01   1.9448474e+01  -2.8810069e+01   3.1056956e+02   6.3486235e+01  -2.0545426e+02
  -4.2889978e+01   1.9471629e+01  -2.8480484e+01   3.1147593e+02   6.4615232e+01  -2.0495671e+02
  -4.4072046e+01   1.9504803e+01  -2.8141110e+01   3.1248024e+02   6.5795537e+01  -2.0445189e+02
  -4.5330233e+01   1.9549446e+01  -2.7794428e+01   3.1359664e+02   6.7021626e+01  -2.0394622e+02
  -4.6675157e+01   1.9606742e+01  -2.7442204e+01   3.1484028e+02   6.8287193e+01  -2.0344520e+02
  -4.8119201e+01   1.9677650e+01  -2.7085347e+01   3.1622709e+02   6.9585633e+01  -2.0295342e+02
  -4.9676257e+01   1.9763032e+01  -2.6723785e+01   3.1777347e+02   7.0910601e+01  -2.0247443e+02
  -5.1361299e+01   1.9863796e+01  -2.6356405e+01   3.1949587e+02   7.2256656e+01  -2.0201076e+02
  -5.3189785e+01   1.9981104e+01  -2.5981052e+01   3.2141048e+02   7.3619933e+01  -2.0156389e+02
  -5.5176899e+01   2.0116598e+01  -2.5594594e+01   3.2353277e+02   7.4998798e+01  -2.0113427e+02
  -5.7336616e+01   2.0272628e+01  -2.5193064e+01   3.2587726e+02   7.6394449e+01  -2.0072125e+02
  -5.9680644e+01   2.0452512e+01  -2.4771866e+01   3.2845717e+02   7.7811419e+01  -2.0032310e+02
  -6.2217191e+01   2.0660632e+01  -2.4326057e+01   3.3128432e+02   7.9257913e+01  -1.9993693e+02
  -6.4949683e+01   2.0902461e+01  -2.3850697e+01   3.3436915e+02   8.0745941e+01  -1.9955872e+02
  -6.7875423e+01   2.1184350e+01  -2.3341329e+01   3.3772097e+02   8.2291185e+01  -1.9918334e+02
  -7.0984315e+01   2.1513061e+01  -2.2794606e+01   3.4134846e+02   8.3912544e+01  -1.9880469e+02
  -7.4257749e+01   2.1895124e+01  -2.2209115e+01   3.4526048e+02   8.5631272e+01  -1.9841603e+02
  -7.7667800e+01   2.2336032e+01  -2.1586359e+01   3.4946713e+02   8.7469712e+01  -1.9801035e+02
  -8.1176931e+01   2.2839451e+01  -2.0931857e+01   3.5398091e+02   8.9449583e+01  -1.9758102e+02
  -8.4738444e+01   2.3406538e+01  -2.0256109e+01   3.5881791e+02   9.1589900e+01  -1.9712246e+02
  -8.8297920e+01   2.4035388e+01  -1.9575115e+01   3.6399866e+02   9.3904701e+01  -1.9663082e+02
  -9.1795785e+01   2.4720448e+01  -1.8910146e+01   3.6954857e+02   9.6400828e+01  -1.9610449e+02
  -9.5170883e+01   2.5451837e+01  -1.8286493e+01   3.7549759e+02   9.9076232e+01  -1.9554444e+02
  -9.8364516e+01   2.6214719e+01  -1.7731107e+01   3.8187933e+02   1.0191926e+02  -1.9495402e+02
  -1.0132401e+02   2.6989282e+01  -1.7269576e+01   3.8872977e+02   1.0490920e+02  -1.9433837e+02
  -1.0400486e+02   2.7751921e+01  -1.6923210e+01   3.9608580e+02   1.0801781e+02  -1.9370351e+02
  -1.0637106e+02   2.8477844e+01  -1.6707078e+01   4.0398373e+02   1.1121116e+02  -1.9305532e+02
  -1.0839444e+02   2.9144027e+01  -1.6629642e+01   4.1245741e+02   1.1445111e+02  -1.9239903e+02
  -1.1005383e+02   2.9731392e+01  -1.6693505e+01   4.2153591e+02   1.1769624e+02  -1.9173912e+02
  -1.1133491e+02   3.0225515e+01  -1.6896673e+01   4.3124077e+02   1.2090283e+02  -1.9107984e+02
  -1.1223057e+02   3.0616245e+01  -1.7233565e+01   4.4158350e+02   1.2402615e+02  -1.9042579e+02
  -1.1274137e+02   3.0897065e+01  -1.7695499e+01   4.5256377e+02   1.2702222e+02  -1.8978241e+02
  -1.1287578e+02   3.1064660e+01  -1.8270802e+01   4.6416872e+02   1.2984971e+02  -1.8915612e+02
  -1.1264996e+02   3.1118865e+01  -1.8944745e+01   4.7637354e+02   1.3247162e+02  -1.8855416e+02
  -1.1208719e+02   3.1062804e+01  -1.9699584e+01   4.8914306e+02   1.3485650e+02  -1.8798422e+02
  -1.1121679e+02   3.0902995e+01  -2.0514924e+01   5.0243426e+02   1.3697922e+02  -1.8745387e+02
  -1.1007252e+02   3.0649206e+01  -2.1368520e+01   5.1619922e+02   1.3882118e+02  -1.8697016e+02
  -1.0869077e+02   3.0313938e+01  -2.2237455e+01   5.3038829e+02   1.4037026e+02  -1.8653917e+02
  -1.0710844e+02   2.9911556e+01  -2.3099576e+01   5.4495298e+02   1.4162037e+02  -1.8616584e+02
  -1.0536096e+02   2.9457190e+01  -2.3934913e+01   5.5984836e+02   1.4257080e+02  -1.8585384e+02
  -1.0348058e+02   2.8965574e+01  -2.4726872e+01   5.7503475e+02   1.4322535e+02  -1.8560562e+02
  -1.0149520e+02   2.8450040e+01  -2.5463017e+01   5.9047866e+02   1.4359129e+02  -1.8542244e+02
  -9.9427881e+01   2.7921846e+01  -2.6135360e+01   6.0615308e+02   1.4367820e+02  -1.8530437e+02
  -9.7296933e+01   2.7389847e+01  -2.6740249e+01   6.2203713e+02   1.4349689e+02  -1.8525037e+02
  -9.5116507e+01   2.6860577e+01  -2.7277848e+01   6.3811544e+02   1.4305840e+02  -1.8525824e+02
  -9.2897532e+01   2.6338574e+01  -2.7751480e+01   6.5437722e+02   1.4237321e+02  -1.8532467e+02
  -9.0648768e+01   2.5826885e+01  -2.8166804e+01   6.7081537e+02   1.4145079e+02  -1.8544531e+02
  -8.8377799e+01   2.5327577e+01  -2.8531041e+01   6.8742555e+02   1.4029933e+02  -1.8561497e+02
  -8.6091819e+01   2.4842207e+01  -2.8852241e+01   7.0420540e+02   1.3892585e+02  -1.8582779e+02
  -8.3798128e+01   2.4372130e+01  -2.9138650e+01   7.2115398e+02   1.3733643e+02  -1.8607752e+02
  -8.1504275e+01   2.3918664e+01  -2.9398216e+01   7.3827125e+02   1.3553664e+02  -1.8635787e+02
  -7.9217904e+01   2.3483134e+01  -2.9638149e+01   7.5555783e+02   1.3353206e+02  -1.8666276e+02
  -7.6946354e+01   2.3066813e+01  -2.9864652e+01   7.7301478e+02   1.3132881e+02  -1.8698655e+02
  -7.4696130e+01   2.2670810e+01  -3.0082665e+01   7.9064349e+02   1.2893410e+02  -1.8732424e+02
  -7.2472353e+01   2.2296004e+01  -3.0295760e+01   8.0844558e+02   1.2635671e+02  -1.8767155e+02
  -7.0278331e+01   2.1942991e+01  -3.0506088e+01   8.2642281e+02   1.2360737e+02  -1.8802491e+02
  -6.8115306e+01   2.1612090e+01  -3.0714447e+01   8.4457697e+02   1.2069909e+02  -1.8838139e+02
  -6.5982436e+01   2.1303448e+01  -3.0920415e+01   8.6290962e+02   1.1764731e+02  -1.8873860e+02
  -6.3877016e+01   2.1017075e+01  -3.1122608e+01   8.8142198e+02   1.1447004e+02  -1.8909450e+02
  -6.1794868e+01   2.0753056e+01  -3.1318991e+01   9.0011463e+02   1.1118780e+02  -1.8944727e+02
  -5.9730909e+01   2.0511646e+01  -3.1507186e+01   9.1898728e+02   1.0782363e+02  -1.8979517e+02
  -5.7679756e+01   2.0293391e+01  -3.1684845e+01   9.3803850e+02   1.0440289e+02  -1.9013644e+02
  -5.5636309e+01   2.0099198e+01  -3.1849945e+01   9.5726554e+02   1.0095306e+02  -1.9046932e+02
  -5.3596236e+01   1.9930263e+01  -3.2001044e+01   9.7666406e+02   9.7503496e+01  -1.9079209e+02
  -5.1556331e+01   1.9787937e+01  -3.2137438e+01   9.9622793e+02   9.4085059e+01  -1.9110328e+02
  -4.9514614e+01   1.9673501e+01  -3.2259224e+01   1.0159491e+03   9.0729749e+01  -1.9140188e+02
  -4.7470374e+01   1.9587715e+01  -3.2367196e+01   1.0358172e+03   8.7470319e+01  -1.9168769e+02
  -4.5423932e+01   1.9530555e+01  -3.2462666e+01   1.0558196e+03   8.4339796e+01  -1.9196163e+02
  -4.3376408e+01   1.9500818e+01  -3.2547102e+01   1.0759412e+03   8.1371037e+01  -1.9222606e+02
  -4.1329423e+01   1.9495845e+01  -3.2621691e+01   1.0961639e+03   7.8596317e+01  -1.9248499e+02
  -3.9284801e+01   1.9511515e+01  -3.2686865e+01   1.1164667e+03   7.6046772e+01  -1.9274418e+02
  -3.7244337e+01   1.9542305e+01  -3.2741830e+01   1.1368251e+03   7.3751930e+01  -1.9301101e+02
  -3.5209681e+01   1.9581479e+01  -3.2784134e+01   1.1572117e+03   7.1739158e+01  -1.9329422e+02
  -3.3182263e+01   1.9621544e+01  -3.2809472e+01   1.1775951e+03   7.0033072e+01  -1.9360348e+02
  -3.1163334e+01   1.9654679e+01  -3.2811634e+01   1.1979409e+03   6.8654908e+01  -1.9394869e+02
  -2.9154081e+01   1.9673213e+01  -3.2782771e+01   1.2182111e+03   6.7621869e+01  -1.9433934e+02
  -2.7155856e+01   1.9670171e+01  -3.2713792e+01   1.2383647e+03   6.6946509e+01  -1.9478371e+02
  -2.5170408e+01   1.9639725e+01  -3.2595120e+01   1.2583580e+03   6.6636042e+01  -1.9528812e+02
  -2.3200181e+01   1.9577543e+01  -3.2417551e+01   1.2781450e+03   6.6691802e+01  -1.9585638e+02
  -2.1248568e+01   1.9481095e+01  -3.2173255e+01   1.2976784e+03   6.7108699e+01  -1.9648930e+02
  -1.9320158e+01   1.9349795e+01  -3.1856719e+01   1.3169099e+03   6.7874865e+01  -1.9718447e+02
  -1.7420897e+01   1.9185016e+01  -3.1465641e+01   1.3357910e+03   6.8971357e+01  -1.9793638e+02
  -1.5558149e+01   1.8989972e+01  -3.1001595e+01   1.3542740e+03   7.0372096e+01  -1.9873667e+02
  -1.3740681e+01   1.8769511e+01  -3.0470401e+01   1.3723123e+03   7.2043888e+01  -1.9957478e+02
  -1.1978555e+01   1.8529714e+01  -2.9882129e+01   1.3898616e+03   7.3946757e+01  -2.0043869e+02
  -1.0282958e+01   1.8277627e+01  -2.9250732e+01   1.4068799e+03   7.6034281e+01  -2.0131584e+02
  -8.6659376e+00   1.8020799e+01  -2.8593295e+01   1.4233288e+03   7.8254248e+01  -2.0219408e+02
  -7.1401445e+00   1.7766923e+01  -2.7928927e+01   1.4391732e+03   8.0549463e+01  -2.0306256e+02
  -5.7184667e+00   1.7523500e+01  -2.7277559e+01   1.4543831e+03   8.2858712e+01  -2.0391250e+02
  -4.4136958e+00   1.7297478e+01  -2.6658505e+01   1.4689329e+03   8.5118082e+01  -2.0473775e+02
  -3.2381176e+00   1.7094940e+01  -2.6089220e+01   1.4828032e+03   8.7262485e+01  -2.0553515e+02
  -2.2030416e+00   1.6920954e+01  -2.5584222e+01   1.4959806e+03   8.9227473e+01  -2.0630462e+02
  -1.3183483e+00   1.6779280e+01  -2.5154308e+01   1.5084588e+03   9.0951410e+01  -2.0704903e+02
  -5.9198585e-01   1.6672381e+01  -2.4806144e+01   1.5202383e+03   9.2377830e+01  -2.0777376e+02
  -2.9491401e-02   1.6601403e+01  -2.4542206e+01   1.5313270e+03   9.3457975e+01  -2.0848618e+02
   3.6651613e-01   1.6566273e+01  -2.4361053e+01   1.5417394e+03   9.4153365e+01  -2.0919477e+02
   5.9672578e-01   1.6565778e+01  -2.4257822e+01   1.5514959e+03   9.4438230e+01  -2.0990825e+02
   6.6558391e-01   1.6597839e+01  -2.4224927e+01   1.5606211e+03   9.4301560e+01  -2.1063454e+02
   5.8152145e-01   1.6659571e+01  -2.4252786e+01   1.5691424e+03   9.3748627e+01  -2.1137978e+02
   3.5709072e-01   1.6747507e+01  -2.4330544e+01   1.5770872e+03   9.2801750e+01  -2.1214735e+02
   8.9427953e-03   1.6857653e+01  -2.4446812e+01   1.5844808e+03   9.1500101e+01  -2.1293713e+02
  -4.4246917e-01   1.6985551e+01  -2.4590237e+01   1.5913439e+03   8.9898535e+01  -2.1374500e+02
  -9.7342498e-01   1.7126328e+01  -2.4750059e+01   1.5976902e+03   8.8065258e+01  -2.1456272e+02
  -1.5578433e+00   1.7274727e+01  -2.4916492e+01   1.6035257e+03   8.6078500e+01  -2.1537818e+02
  -2.1684145e+00   1.7425261e+01  -2.5081053e+01   1.6088479e+03   8.4022215e+01  -2.1617610e+02
  -2.7779756e+00   1.7572417e+01  -2.5236769e+01   1.6136467e+03   8.1981062e+01  -2.1693919e+02
  -3.3611782e+00   1.7710990e+01  -2.5378300e+01   1.6179076e+03   8.0035015e+01  -2.1764961e+02
