  -1.1261518e+01   4.8613289e+01  -3.5237277e+01   2.5191775e+02   8.3182023e+01  -1.9018806e+02
  -1.2774697e+01   4.8598878e+01  -3.4802113e+01   2.5503206e+02   8.0069023e+01  -1.9082397e+02
  -1.4288635e+01   4.8572111e+01  -3.4380549e+01   2.5810658e+02   7.7001682e+01  -1.9145001e+02
  -1.5807249e+01   4.8537342e+01  -3.3971310e+01   2.6111111e+02   7.4023926e+01  -1.9204488e+02
  -1.7334669e+01   4.8500439e+01  -3.3573827e+01   2.6401804e+02   7.1172742e+01  -1.9258689e+02
  -1.8873743e+01   4.8468501e+01  -3.3188797e+01   2.6680238e+02   6.8476778e+01  -1.9305508e+02
  -2.0424937e+01   4.8449409e+01  -3.2818493e+01   2.6944201e+02   6.5955630e+01  -1.9343056e+02
  -2.1985692e+01   4.8451236e+01  -3.2466755e+01   2.7191828e+02   6.3619864e+01  -1.9369783e+02
  -2.3550173e+01   4.8481541e+01  -3.2138704e+01   2.7421671e+02   6.1471723e+01  -1.9384599e+02
  -2.5109294e+01   4.8546585e+01  -3.1840226e+01   2.7632759e+02   5.9506434e+01  -1.9386979e+02
  -2.6650972e+01   4.8650569e+01  -3.1577303e+01   2.7824634e+02   5.7713963e+01  -1.9377040e+02
  -2.8160544e+01   4.8794959e+01  -3.1355325e+01   2.7997339e+02   5.6080995e+01  -1.9355566e+02
  -2.9621364e+01   4.8978046e+01  -3.1178443e+01   2.8151371e+02   5.4592952e+01  -1.9323990e+02
  -3.1015570e+01   4.9194781e+01  -3.1049104e+01   2.8287600e+02   5.3235788e+01  -1.9284315e+02
  -3.2325034e+01   4.9437009e+01  -3.0967781e+01   2.8407165e+02   5.1997374e+01  -1.9238982e+02
  -3.3532462e+01   4.9694058e+01  -3.0932926e+01   2.8511376e+02   5.0868336e+01  -1.9190686e+02
  -3.4622567e+01   4.9953677e+01  -3.0941125e+01   2.8601618e+02   4.9842287e+01  -1.9142171e+02
  -3.5583223e+01   5.0203180e+01  -3.0987407e+01   2.8679283e+02   4.8915481e+01  -1.9096015e+02
  -3.6406443e+01   5.0430662e+01  -3.1065642e+01   2.8745717e+02   4.8086049e+01  -1.9054441e+02
  -3.7089061e+01   5.0626097e+01  -3.1169007e+01   2.8802190e+02   4.7352973e+01  -1.9019165e+02
  -3.7633008e+01   5.0782168e+01  -3.1290433e+01   2.8849881e+02   4.6715052e+01  -1.8991313e+02
  -3.8045160e+01   5.0894742e+01  -3.1423038e+01   2.8889883e+02   4.6170013e+01  -1.8971400e+02
  -3.8336771e+01   5.0962970e+01  -3.1560490e+01   2.8923198e+02   4.5713915e+01  -1.8959364e+02
  -3.8522581e+01   5.0989033e+01  -3.1697301e+01   2.8950748e+02   4.5340883e+01  -1.8954653e+02
  -3.8619723e+01   5.0977643e+01  -3.1829022e+01   2.8973379e+02   4.5043188e+01  -1.8956332e+02
  -3.8646533e+01   5.0935364e+01  -3.1952353e+01   2.8991861e+02   4.4811581e+01  -1.8963213e+02
  -3.8621386e+01   5.0869869e+01  -3.2065143e+01   2.9006891e+02   4.4635825e+01  -1.8973971e+02
  -3.8561658e+01   5.0789193e+01  -3.2166311e+01   2.9019092e+02   4.4505318e+01  -1.8987264e+02
  -3.8482871e+01   5.0701065e+01  -3.2255686e+01   2.9029010e+02   4.4409715e+01  -1.9001826e+02
  -3.8398091e+01   5.0612376e+01  -3.2333801e+01   2.9037114e+02   4.4339489e+01  -1.9016544e+02
  -3.8317576e+01   5.0528796e+01  -3.2401665e+01   2.9043800e+02   4.4286357e+01  -1.9030511e+02
  -3.8248669e+01   5.0454564e+01  -3.2460546e+01   2.9049388e+02   4.4243555e+01  -1.9043051e+02
  -3.8195922e+01   5.0392445e+01  -3.2511781e+01   2.9054132e+02   4.4205932e+01  -1.9053726e+02
  -3.8161379e+01   5.0343815e+01  -3.2556619e+01   2.9058227e+02   4.4169902e+01  -1.9062322e+02
  -3.8144997e+01   5.0308849e+01  -3.2596118e+01   2.9061814e+02   4.4133269e+01  -1.9068818e+02
  -3.8145132e+01   5.0286776e+01  -3.2631092e+01   2.9064992e+02   4.4094966e+01  -1.9073344e+02
  -3.8159043e+01   5.0276149e+01  -3.2662113e+01   2.9067828e+02   4.4054752e+01  -1.9076142e+02
  -3.8183385e+01   5.0275123e+01  -3.2689533e+01   2.9070365e+02   4.4012929e+01  -1.9077513e+02
  -3.8214645e+01   5.0281688e+01  -3.2713560e+01   2.9072629e+02   4.3970079e+01  -1.9077782e+02
  -3.8249501e+01   5.0293869e+01  -3.2734336e+01   2.9074635e+02   4.3926879e+01  -1.9077257e+02
  -3.8285096e+01   5.0309866e+01  -3.2752017e+01   2.9076392e+02   4.3883971e+01  -1.9076211e+02
  -3.8319224e+01   5.0328152e+01  -3.2766846e+01   2.9077909e+02   4.3841922e+01  -1.9074861e+02
  -3.8350422e+01   5.0347524e+01  -3.2779200e+01   2.9079192e+02   4.3801207e+01  -1.9073367e+02
  -3.8377983e+01   5.0367112e+01  -3.2789607e+01   2.9080256e+02   4.3762266e+01  -1.9071830e+02
  -3.8401890e+01   5.0386362e+01  -3.2798730e+01   2.9081120e+02   4.3725550e+01  -1.9070308e+02
  -3.8422716e+01   5.0404984e+01  -3.2807335e+01   2.9081818e+02   4.3691580e+01  -1.9068826e+02
  -3.8441468e+01   5.0422892e+01  -3.2816235e+01   2.9082402e+02   4.3660983e+01  -1.9067396e+02
  -3.8459437e+01   5.0440134e+01  -3.2826236e+01   2.9082941e+02   4.3634486e+01  -1.9066030e+02
  -3.8478039e+01   5.0456825e+01  -3.2838089e+01   2.9083528e+02   4.3612894e+01  -1.9064755e+02
  -3.8498688e+01   5.0473097e+01  -3.2852464e+01   2.9084277e+02   4.3597016e+01  -1.9063624e+02
  -3.8522684e+01   5.0489064e+01  -3.2869940e+01   2.9085317e+02   4.3587581e+01  -1.9062717e+02
  -3.8551151e+01   5.0504796e+01  -3.2891020e+01   2.9086792e+02   4.3585158e+01  -1.9062144e+02
  -3.8584989e+01   5.0520316e+01  -3.2916173e+01   2.9088848e+02   4.3590072e+01  -1.9062041e+02
  -3.8624873e+01   5.0535600e+01  -3.2945877e+01   2.9091626e+02   4.3602373e+01  -1.9062559e+02
  -3.8671256e+01   5.0550586e+01  -3.2980664e+01   2.9095254e+02   4.3621849e+01  -1.9063861e+02
  -3.8724411e+01   5.0565185e+01  -3.3021168e+01   2.9099837e+02   4.3648084e+01  -1.9066112e+02
  -3.8784479e+01   5.0579306e+01  -3.3068124e+01   2.9105459e+02   4.3680579e+01  -1.9069471e+02
  -3.8851537e+01   5.0592912e+01  -3.3122355e+01   2.9112174e+02   4.3718881e+01  -1.9074094e+02
  -3.8925671e+01   5.0606073e+01  -3.3184719e+01   2.9120016e+02   4.3762728e+01  -1.9080129e+02
  -3.9007066e+01   5.0619061e+01  -3.3256034e+01   2.9129001e+02   4.3812156e+01  -1.9087725e+02
  -3.9096082e+01   5.0632430e+01  -3.3336989e+01   2.9139131e+02   4.3867564e+01  -1.9097031e+02
  -3.9193326e+01   5.0647123e+01  -3.3428057e+01   2.9150403e+02   4.3929700e+01  -1.9108205e+02
  -3.9299719e+01   5.0664529e+01  -3.3529428e+01   2.9162812e+02   4.3999606e+01  -1.9121414e+02
  -3.9416517e+01   5.0686516e+01  -3.3640978e+01   2.9176350e+02   4.4078502e+01  -1.9136838e+02
  -3.9545308e+01   5.0715413e+01  -3.3762264e+01   2.9191010e+02   4.4167649e+01  -1.9154663e+02
  -3.9687970e+01   5.0753910e+01  -3.3892584e+01   2.9206777e+02   4.4268231e+01  -1.9175074e+02
  -3.9846573e+01   5.0804897e+01  -3.4031058e+01   2.9223626e+02   4.4381253e+01  -1.9198245e+02
  -4.0023265e+01   5.0871244e+01  -3.4176736e+01   2.9241509e+02   4.4507507e+01  -1.9224320e+02
  -4.0220129e+01   5.0955537e+01  -3.4328697e+01   2.9260356e+02   4.4647579e+01  -1.9253402e+02
  -4.0439042e+01   5.1059834e+01  -3.4486120e+01   2.9280067e+02   4.4801920e+01  -1.9285533e+02
  -4.0681564e+01   5.1185424e+01  -3.4648303e+01   2.9300516e+02   4.4970943e+01  -1.9320675e+02
  -4.0948851e+01   5.1332661e+01  -3.4814634e+01   2.9321555e+02   4.5155124e+01  -1.9358702e+02
  -4.1241606e+01   5.1500842e+01  -3.4984507e+01   2.9343026e+02   4.5355111e+01  -1.9399386e+02
  -4.1560074e+01   5.1688196e+01  -3.5157207e+01   2.9364775e+02   4.5571777e+01  -1.9442392e+02
  -4.1904069e+01   5.1891928e+01  -3.5331772e+01   2.9386673e+02   4.5806251e+01  -1.9487278e+02
  -4.2273033e+01   5.2108355e+01  -3.5506866e+01   2.9408628e+02   4.6059899e+01  -1.9533496e+02
  -4.2666123e+01   5.2333089e+01  -3.5680676e+01   2.9430601e+02   4.6334279e+01  -1.9580408e+02
  -4.3082310e+01   5.2561275e+01  -3.5850855e+01   2.9452619e+02   4.6631061e+01  -1.9627288e+02
  -4.3520504e+01   5.2787836e+01  -3.6014523e+01   2.9474777e+02   4.6951952e+01  -1.9673347e+02
  -4.3979665e+01   5.3007738e+01  -3.6168325e+01   2.9497239e+02   4.7298624e+01  -1.9717748e+02
  -4.4458929e+01   5.3216224e+01  -3.6308532e+01   2.9520229e+02   4.7672681e+01  -1.9759628e+02
  -4.4957707e+01   5.3409025e+01  -3.6431191e+01   2.9544020e+02   4.8075644e+01  -1.9798125e+02
  -4.5475770e+01   5.3582521e+01  -3.6532303e+01   2.9568918e+02   4.8508998e+01  -1.9832397e+02
  -4.6013305e+01   5.3733867e+01  -3.6607997e+01   2.9595244e+02   4.8974268e+01  -1.9861656e+02
  -4.6570938e+01   5.3861044e+01  -3.6654726e+01   2.9623319e+02   4.9473115e+01  -1.9885192e+02
  -4.7149725e+01   5.3962900e+01  -3.6669418e+01   2.9653452e+02   5.0007456e+01  -1.9902401e+02
  -4.7751107e+01   5.4039124e+01  -3.6649621e+01   2.9685932e+02   5.0579554e+01  -1.9912809e+02
  -4.8376842e+01   5.4090207e+01  -3.6593592e+01   2.9721027e+02   5.1192073e+01  -1.9916094e+02
  -4.9028919e+01   5.4117368e+01  -3.6500366e+01   2.9758990e+02   5.1848086e+01  -1.9912105e+02
  -4.9709470e+01   5.4122468e+01  -3.6369778e+01   2.9800070e+02   5.2551001e+01  -1.9900865e+02
  -5.0420692e+01   5.4107902e+01  -3.6202452e+01   2.9844529e+02   5.3304429e+01  -1.9882577e+02
  -5.1164807e+01   5.4076506e+01  -3.5999748e+01   2.9892665e+02   5.4111984e+01  -1.9857614e+02
  -5.1944056e+01   5.4031447e+01  -3.5763692e+01   2.9944831e+02   5.4977042e+01  -1.9826503e+02
  -5.2760768e+01   5.3976139e+01  -3.5496850e+01   3.0001463e+02   5.5902477e+01  -1.9789900e+02
  -5.3617483e+01   5.3914163e+01  -3.5202204e+01   3.0063095e+02   5.6890404e+01  -1.9748562e+02
  -5.4517144e+01   5.3849197e+01  -3.4882984e+01   3.0130383e+02   5.7941953e+01  -1.9703313e+02
  -5.5463330e+01   5.3784951e+01  -3.4542512e+01   3.0204117e+02   5.9057114e+01  -1.9655007e+02
  -5.6460515e+01   5.3725087e+01  -3.4184038e+01   3.0285230e+02   6.0234653e+01  -1.9604494e+02
  -5.7514304e+01   5.3673175e+01  -3.3810570e+01   3.0374802e+02   6.1472121e+01  -1.9552590e+02
  -5.8631614e+01   5.3632620e+01  -3.3424721e+01   3.0474057e+02   6.2765978e+01  -1.9500052e+02
  -5.9820801e+01   5.3606629e+01  -3.3028539e+01   3.0584353e+02   6.4111817e+01  -1.9447554e+02
  -6.1091671e+01   5.3598190e+01  -3.2623375e+01   3.0707166e+02   6.5504685e+01  -1.9395675e+02
  -6.2455404e+01   5.3610071e+01  -3.2209750e+01   3.0844065e+02   6.6939517e+01  -1.9344888e+02
  -6.3924355e+01   5.3644874e+01  -3.1787255e+01   3.0996685e+02   6.8411625e+01  -1.9295558e+02
  -6.5511758e+01   5.3705093e+01  -3.1354503e+01   3.1166687e+02   6.9917257e+01  -1.9247945e+02
  -6.7231295e+01   5.3793220e+01  -3.0909116e+01   3.1355723e+02   7.1454158e+01  -1.9202197e+02
  -6.9096552e+01   5.3911871e+01  -3.0447765e+01   3.1565395e+02   7.3022120e+01  -1.9158364e+02
  -7.1120320e+01   5.4063905e+01  -2.9966266e+01   3.1797214e+02   7.4623466e+01  -1.9116392e+02
  -7.3313784e+01   5.4252563e+01  -2.9459701e+01   3.2052571e+02   7.6263435e+01  -1.9076131e+02
  -7.5685521e+01   5.4481471e+01  -2.8922633e+01   3.2332716e+02   7.7950436e+01  -1.9037331e+02
  -7.8240379e+01   5.4754573e+01  -2.8349391e+01   3.2638748e+02   7.9696117e+01  -1.8999650e+02
  -8.0978245e+01   5.5075867e+01  -2.7734514e+01   3.2971633e+02   8.1515223e+01  -1.8962657e+02
  -8.3892777e+01   5.5448949e+01  -2.7073378e+01   3.3332254e+02   8.3425201e+01  -1.8925843e+02
  -8.6970225e+01   5.5876418e+01  -2.6363108e+01   3.3721484e+02   8.5445439e+01  -1.8888653e+02
  -9.0188468e+01   5.6359208e+01  -2.5603681e+01   3.4140299e+02   8.7596151e+01  -1.8850516e+02
  -9.3516495e+01   5.6895999e+01  -2.4799205e+01   3.4589902e+02   8.9896828e+01  -1.8810902e+02
  -9.6914532e+01   5.7482826e+01  -2.3959105e+01   3.5071854e+02   9.2364285e+01  -1.8769374e+02
  -1.0033499e+02   5.8112982e+01  -2.3098888e+01   3.5588182e+02   9.5010430e+01  -1.8725643e+02
  -1.0372436e+02   5.8777112e+01  -2.2240209e+01   3.6141438e+02   9.7840015e+01  -1.8679598e+02
  -1.0702597e+02   5.9463423e+01  -2.1409927e+01   3.6734689e+02   1.0084877e+02  -1.8631308e+02
  -1.1018319e+02   6.0158020e+01  -2.0638010e+01   3.7371439e+02   1.0402241e+02  -1.8580974e+02
  -1.1314240e+02   6.0845523e+01  -1.9954599e+01   3.8055476e+02   1.0733684e+02  -1.8528861e+02
  -1.1585523e+02   6.1510132e+01  -1.9386881e+01   3.8790687e+02   1.1075947e+02  -1.8475213e+02
  -1.1827967e+02   6.2137214e+01  -1.8956561e+01   3.9580835e+02   1.1425107e+02  -1.8420201e+02
  -1.2038059e+02   6.2714630e+01  -1.8678775e+01   4.0429319e+02   1.1776768e+02  -1.8363932e+02
  -1.2213019e+02   6.3233334e+01  -1.8562170e+01   4.1338923e+02   1.2126217e+02  -1.8306498e+02
  -1.2350871e+02   6.3686950e+01  -1.8609747e+01   4.2311578e+02   1.2468590e+02  -1.8248047e+02
  -1.2450516e+02   6.4070821e+01  -1.8819670e+01   4.3348160e+02   1.2799051e+02  -1.8188850e+02
  -1.2511777e+02   6.4381181e+01  -1.9185701e+01   4.4448375e+02   1.3112989e+02  -1.8129338e+02
  -1.2535408e+02   6.4614775e+01  -1.9697310e+01   4.5610724e+02   1.3406204e+02  -1.8070111e+02
  -1.2523036e+02   6.4769023e+01  -2.0339642e+01   4.6832577e+02   1.3675064e+02  -1.8011915e+02
  -1.2477060e+02   6.4842515e+01  -2.1093636e+01   4.8110329e+02   1.3916602e+02  -1.7955595e+02
  -1.2400500e+02   6.4835614e+01  -2.1936540e+01   4.9439642e+02   1.4128555e+02  -1.7902039e+02
  -1.2296807e+02   6.4750908e+01  -2.2842925e+01   5.0815719e+02   1.4309361e+02  -1.7852119e+02
  -1.2169643e+02   6.4593353e+01  -2.3786170e+01   5.2233610e+02   1.4458115e+02  -1.7806633e+02
  -1.2022661e+02   6.4370024e+01  -2.4740215e+01   5.3688490e+02   1.4574501e+02  -1.7766268e+02
  -1.1859305e+02   6.4089562e+01  -2.5681287e+01   5.5175894e+02   1.4658707e+02  -1.7731574e+02
  -1.1682650e+02   6.3761401e+01  -2.6589346e+01   5.6691898e+02   1.4711331e+02  -1.7702951e+02
  -1.1495310e+02   6.3394993e+01  -2.7448998e+01   5.8233209e+02   1.4733273e+02  -1.7680646e+02
  -1.1299408e+02   6.2999193e+01  -2.8249832e+01   5.9797202e+02   1.4725632e+02  -1.7664757e+02
  -1.1096603e+02   6.2581852e+01  -2.8986253e+01   6.1381888e+02   1.4689611e+02  -1.7655237e+02
  -1.0888175e+02   6.2149727e+01  -2.9656830e+01   6.2985847e+02   1.4626424e+02  -1.7651897e+02
  -1.0675123e+02   6.1708580e+01  -3.0263506e+01   6.4608136e+02   1.4537242e+02  -1.7654428e+02
  -1.0458275e+02   6.1263429e+01  -3.0810637e+01   6.6248181e+02   1.4423141e+02  -1.7662409e+02
  -1.0238387e+02   6.0818820e+01  -3.1304129e+01   6.7905683e+02   1.4285094e+02  -1.7675330e+02
  -1.0016214e+02   6.0379066e+01  -3.1750675e+01   6.9580531e+02   1.4123976e+02  -1.7692624e+02
  -9.7925484e+01   5.9948360e+01  -3.2157146e+01   7.1272733e+02   1.3940584e+02  -1.7713688e+02
  -9.5682298e+01   5.9530753e+01  -3.2530188e+01   7.2982364e+02   1.3735672e+02  -1.7737921e+02
  -9.3441132e+01   5.9130050e+01  -3.2875893e+01   7.4709533e+02   1.3509994e+02  -1.7764747e+02
  -9.1210248e+01   5.8749608e+01  -3.3199643e+01   7.6454367e+02   1.3264345e+02  -1.7793633e+02
  -8.8996982e+01   5.8392129e+01  -3.3505961e+01   7.8217002e+02   1.2999605e+02  -1.7824112e+02
  -8.6807164e+01   5.8059511e+01  -3.3798441e+01   7.9997573e+02   1.2716770e+02  -1.7855779e+02
  -8.4644645e+01   5.7752767e+01  -3.4079691e+01   8.1796221e+02   1.2416992e+02  -1.7888297e+02
  -8.2511041e+01   5.7472053e+01  -3.4351322e+01   8.3613079e+02   1.2101598e+02  -1.7921385e+02
  -8.0405734e+01   5.7216816e+01  -3.4613958e+01   8.5448265e+02   1.1772113e+02  -1.7954807e+02
  -7.8326106e+01   5.6985979e+01  -3.4867350e+01   8.7301872e+02   1.1430278e+02  -1.7988356e+02
  -7.6268005e+01   5.6778247e+01  -3.5110533e+01   8.9173942e+02   1.1078053e+02  -1.8021845e+02
  -7.4226310e+01   5.6592392e+01  -3.5341998e+01   9.1064447e+02   1.0717627e+02  -1.8055088e+02
  -7.2195608e+01   5.6427518e+01  -3.5559977e+01   9.2973262e+02   1.0351414e+02  -1.8087905e+02
  -7.0170806e+01   5.6283267e+01  -3.5762694e+01   9.4900143e+02   9.9820481e+01  -1.8120113e+02
  -6.8147639e+01   5.6159859e+01  -3.5948647e+01   9.6844694e+02   9.6123635e+01  -1.8151541e+02
  -6.6123052e+01   5.6058028e+01  -3.6116831e+01   9.8806353e+02   9.2453735e+01  -1.8182046e+02
  -6.4095323e+01   5.5978786e+01  -3.6266917e+01   1.0078436e+03   8.8842358e+01  -1.8211536e+02
  -6.2064042e+01   5.5922992e+01  -3.6399286e+01   1.0277773e+03   8.5322211e+01  -1.8239998e+02
  -6.0029880e+01   5.5890962e+01  -3.6514987e+01   1.0478526e+03   8.1926639e+01  -1.8267526e+02
  -5.7994248e+01   5.5881974e+01  -3.6615522e+01   1.0680549e+03   7.8689175e+01  -1.8294348e+02
  -5.5958895e+01   5.5893848e+01  -3.6702470e+01   1.0883665e+03   7.5643094e+01  -1.8320842e+02
  -5.3925535e+01   5.5922742e+01  -3.6777083e+01   1.1087670e+03   7.2820774e+01  -1.8347537e+02
  -5.1895510e+01   5.5963057e+01  -3.6839774e+01   1.1292329e+03   7.0253171e+01  -1.8375105e+02
  -4.9869549e+01   5.6007495e+01  -3.6889658e+01   1.1497371e+03   6.7969194e+01  -1.8404330e+02
  -4.7847702e+01   5.6047406e+01  -3.6924213e+01   1.1702496e+03   6.5995044e+01  -1.8436064e+02
  -4.5829382e+01   5.6073193e+01  -3.6939111e+01   1.1907366e+03   6.4353546e+01  -1.8471168e+02
  -4.3813593e+01   5.6074858e+01  -3.6928327e+01   1.2111613e+03   6.3063473e+01  -1.8510453e+02
  -4.1799278e+01   5.6042672e+01  -3.6884372e+01   1.2314836e+03   6.2138912e+01  -1.8554603e+02
  -3.9785821e+01   5.5967857e+01  -3.6798928e+01   1.2516609e+03   6.1588582e+01  -1.8604121e+02
  -3.7773610e+01   5.5843240e+01  -3.6663585e+01   1.2716479e+03   6.1415299e+01  -1.8659275e+02
  -3.5764601e+01   5.5663881e+01  -3.6470785e+01   1.2913975e+03   6.1615429e+01  -1.8720070e+02
  -3.3762807e+01   5.5427556e+01  -3.6214735e+01   1.3108612e+03   6.2178509e+01  -1.8786229e+02
  -3.1774658e+01   5.5135054e+01  -3.5892337e+01   1.3299898e+03   6.3086915e+01  -1.8857213e+02
  -2.9809138e+01   5.4790268e+01  -3.5503902e+01   1.3487337e+03   6.4315732e+01  -1.8932252e+02
  -2.7877689e+01   5.4400051e+01  -3.5053636e+01   1.3670440e+03   6.5832695e+01  -1.9010402e+02
  -2.5993882e+01   5.3973799e+01  -3.4549723e+01   1.3848728e+03   6.7598439e+01  -1.9090619e+02
  -2.4172963e+01   5.3522983e+01  -3.4004090e+01   1.4021742e+03   6.9566738e+01  -1.9171834e+02
  -2.2431192e+01   5.3060432e+01  -3.3431742e+01   1.4189048e+03   7.1685101e+01  -1.9253037e+02
  -2.0785202e+01   5.2599654e+01  -3.2849745e+01   1.4350246e+03   7.3895553e+01  -1.9333352e+02
  -1.9251367e+01   5.2154113e+01  -3.2276120e+01   1.4504982e+03   7.6135599e+01  -1.9412100e+02
  -1.7845182e+01   5.1736532e+01  -3.1728471e+01   1.4652950e+03   7.8339628e+01  -1.9488841e+02
  -1.6580769e+01   5.1358247e+01  -3.1222819e+01   1.4793907e+03   8.0440565e+01  -1.9563402e+02
  -1.5470432e+01   5.1028744e+01  -3.0772582e+01   1.4927682e+03   8.2371815e+01  -1.9635885e+02
  -1.4524257e+01   5.0755176e+01  -3.0387848e+01   1.5054178e+03   8.4069644e+01  -1.9706646e+02
  -1.3749802e+01   5.0542192e+01  -3.0074954e+01   1.5173380e+03   8.5475668e+01  -1.9776262e+02
  -1.3151779e+01   5.0391866e+01  -2.9836433e+01   1.5285355e+03   8.6539531e+01  -1.9845471e+02
  -1.2731753e+01   5.0303799e+01  -2.9671217e+01   1.5390245e+03   8.7221550e+01  -1.9915100e+02
  -1.2487868e+01   5.0275339e+01  -2.9575061e+01   1.5488263e+03   8.7495192e+01  -1.9985974e+02
  -1.2414560e+01   5.0301973e+01  -2.9541163e+01   1.5579672e+03   8.7349065e+01  -2.0058822e+02
  -1.2502336e+01   5.0377660e+01  -2.9560817e+01   1.5664768e+03   8.6788396e+01  -2.0134179e+02
  -1.2737650e+01   5.0495276e+01  -2.9624078e+01   1.5743857e+03   8.5835674e+01  -2.0212296e+02
  -1.3102914e+01   5.0646932e+01  -2.9720488e+01   1.5817230e+03   8.4530344e+01  -2.0293066e+02
  -1.3576706e+01   5.0824287e+01  -2.9839645e+01   1.5885132e+03   8.2927518e+01  -2.0375978e+02
  -1.4134276e+01   5.1018796e+01  -2.9971791e+01   1.5947748e+03   8.1095546e+01  -2.0460104e+02
  -1.4748381e+01   5.1221947e+01  -3.0108210e+01   1.6005180e+03   7.9112628e+01  -2.0544129e+02
  -1.5390430e+01   5.1425522e+01  -3.0241564e+01   1.6057449e+03   7.7062472e+01  -2.0626423e+02
  -1.6031891e+01   5.1621879e+01  -3.0366097e+01   1.6104498e+03   7.5029284e+01  -2.0705160e+02
  -1.6646036e+01   5.1804316e+01  -3.0477674e+01   1.6146218e+03   7.3092418e+01  -2.0778469e+02
