   2.8894841e+00   4.6952695e-01  -5.4787678e+00   2.6360477e+02   8.4985129e+01  -2.0998301e+02
   1.3793961e+00   5.9151749e-01  -4.9702805e+00   2.6660480e+02   8.1619664e+01  -2.1071125e+02
  -1.1674400e-01   7.0480943e-01  -4.4715947e+00   2.6956447e+02   7.8305664e+01  -2.1142630e+02
  -1.6052771e+00   8.1169890e-01  -3.9866084e+00   2.7245407e+02   7.5085653e+01  -2.1210665e+02
  -3.0920638e+00   9.1546664e-01  -3.5197285e+00   2.7524660e+02   7.1995824e+01  -2.1273019e+02
  -4.5808860e+00   1.0201485e+00  -3.0761231e+00   2.7791800e+02   6.9064851e+01  -2.1327531e+02
  -6.0723248e+00   1.1302416e+00  -2.6617420e+00   2.8044764e+02   6.6313202e+01  -2.1372221e+02
  -7.5632697e+00   1.2503349e+00  -2.2830582e+00   2.8281893e+02   6.3753024e+01  -2.1405426e+02
  -9.0468970e+00   1.3846911e+00  -1.9465627e+00   2.8501998e+02   6.1388611e+01  -2.1425935e+02
  -1.0512999e+01   1.5367778e+00  -1.6580977e+00   2.8704402e+02   5.9217424e+01  -2.1433110e+02
  -1.1948591e+01   1.7087865e+00  -1.4221393e+00   2.8888940e+02   5.7231565e+01  -2.1426970e+02
  -1.3338684e+01   1.9011826e+00  -1.2411617e+00   2.9055919e+02   5.5419528e+01  -2.1408236e+02
  -1.4667221e+01   2.1123658e+00  -1.1151911e+00   2.9206028e+02   5.3768052e+01  -2.1378321e+02
  -1.5918067e+01   2.3385093e+00  -1.0416519e+00   2.9340228e+02   5.2263834e+01  -2.1339258e+02
  -1.7076052e+01   2.5736686e+00  -1.0155108e+00   2.9459633e+02   5.0894909e+01  -2.1293565e+02
  -1.8127961e+01   2.8101730e+00  -1.0297126e+00   2.9565412e+02   4.9651545e+01  -2.1244060e+02
  -1.9063431e+01   3.0392995e+00  -1.0758208e+00   2.9658701e+02   4.8526563e+01  -2.1193651e+02
  -1.9875643e+01   3.2521324e+00  -1.1447752e+00   2.9740568e+02   4.7515110e+01  -2.1145101e+02
  -2.0561768e+01   3.4404900e+00  -1.2276442e+00   2.9811992e+02   4.6613998e+01  -2.1100829e+02
  -2.1123105e+01   3.5977585e+00  -1.3162898e+00   2.9873872e+02   4.5820780e+01  -2.1062743e+02
  -2.1564917e+01   3.7195095e+00  -1.4038586e+00   2.9927049e+02   4.5132790e+01  -2.1032141e+02
  -2.1895978e+01   3.8038138e+00  -1.4850835e+00   2.9972328e+02   4.4546309e+01  -2.1009674e+02
  -2.2127912e+01   3.8512562e+00  -1.5563803e+00   3.0010496e+02   4.4056014e+01  -2.0995382e+02
  -2.2274377e+01   3.8646645e+00  -1.6157913e+00   3.0042336e+02   4.3654744e+01  -2.0988772e+02
  -2.2350214e+01   3.8486559e+00  -1.6627981e+00   3.0068625e+02   4.3333604e+01  -2.0988929e+02
  -2.2370578e+01   3.8090678e+00  -1.6980620e+00   3.0090131e+02   4.3082323e+01  -2.0994648e+02
  -2.2350169e+01   3.7523533e+00  -1.7231159e+00   3.0107596e+02   4.2889796e+01  -2.1004566e+02
  -2.2302568e+01   3.6850142e+00  -1.7400439e+00   3.0121723e+02   4.2744711e+01  -2.1017282e+02
  -2.2239725e+01   3.6131098e+00  -1.7511696e+00   3.0133157e+02   4.2636166e+01  -2.1031465e+02
  -2.2171614e+01   3.5418903e+00  -1.7587833e+00   3.0142474e+02   4.2554217e+01  -2.1045935e+02
  -2.2106050e+01   3.4755584e+00  -1.7649199e+00   3.0150168e+02   4.2490292e+01  -2.1059724e+02
  -2.2048646e+01   3.4171606e+00  -1.7712061e+00   3.0156647e+02   4.2437446e+01  -2.1072108e+02
  -2.2002915e+01   3.3686085e+00  -1.7787678e+00   3.0162233e+02   4.2390443e+01  -2.1082611e+02
  -2.1970472e+01   3.3307870e+00  -1.7882043e+00   3.0167167e+02   4.2345701e+01  -2.1090995e+02
  -2.1951316e+01   3.3037317e+00  -1.7996188e+00   3.0171621e+02   4.2301100e+01  -2.1097229e+02
  -2.1944177e+01   3.2868368e+00  -1.8126943e+00   3.0175704e+02   4.2255716e+01  -2.1101445e+02
  -2.1946872e+01   3.2790686e+00  -1.8268045e+00   3.0179484e+02   4.2209501e+01  -2.1103891e+02
  -2.1956686e+01   3.2791570e+00  -1.8411424e+00   3.0182994e+02   4.2162972e+01  -2.1104886e+02
  -2.1970708e+01   3.2857487e+00  -1.8548597e+00   3.0186245e+02   4.2116924e+01  -2.1104768e+02
  -2.1986151e+01   3.2975218e+00  -1.8671946e+00   3.0189240e+02   4.2072209e+01  -2.1103865e+02
  -2.2000593e+01   3.3132569e+00  -1.8775834e+00   3.0191977e+02   4.2029571e+01  -2.1102462e+02
  -2.2012175e+01   3.3318689e+00  -1.8857380e+00   3.0194455e+02   4.1989577e+01  -2.1100785e+02
  -2.2019711e+01   3.3524247e+00  -1.8916885e+00   3.0196681e+02   4.1952588e+01  -2.1098997e+02
  -2.2022742e+01   3.3741330e+00  -1.8957778e+00   3.0198670e+02   4.1918800e+01  -2.1097196e+02
  -2.2021512e+01   3.3963265e+00  -1.8986229e+00   3.0200451e+02   4.1888306e+01  -2.1095432e+02
  -2.2016904e+01   3.4184338e+00  -1.9010460e+00   3.0202068e+02   4.1861166e+01  -2.1093718e+02
  -2.2010317e+01   3.4399550e+00  -1.9039814e+00   3.0203578e+02   4.1837470e+01  -2.1092052e+02
  -2.2003517e+01   3.4604398e+00  -1.9083885e+00   3.0205061e+02   4.1817371e+01  -2.1090431e+02
  -2.1998470e+01   3.4794710e+00  -1.9151678e+00   3.0206614e+02   4.1801086e+01  -2.1088868e+02
  -2.1997173e+01   3.4966616e+00  -1.9251046e+00   3.0208351e+02   4.1788866e+01  -2.1087401e+02
  -2.2001485e+01   3.5116589e+00  -1.9388394e+00   3.0210403e+02   4.1780938e+01  -2.1086102e+02
  -2.2012991e+01   3.5241546e+00  -1.9568716e+00   3.0212913e+02   4.1777438e+01  -2.1085072e+02
  -2.2032890e+01   3.5338946e+00  -1.9795929e+00   3.0216029e+02   4.1778356e+01  -2.1084439e+02
  -2.2061923e+01   3.5406848e+00  -2.0073387e+00   3.0219899e+02   4.1783491e+01  -2.1084349e+02
  -2.2100353e+01   3.5443891e+00  -2.0404552e+00   3.0224664e+02   4.1792462e+01  -2.1084956e+02
  -2.2147989e+01   3.5449153e+00  -2.0793669e+00   3.0230453e+02   4.1804750e+01  -2.1086415e+02
  -2.2204262e+01   3.5422124e+00  -2.1246263e+00   3.0237377e+02   4.1819790e+01  -2.1088875e+02
  -2.2268341e+01   3.5362802e+00  -2.1769427e+00   3.0245527e+02   4.1837087e+01  -2.1092475e+02
  -2.2339282e+01   3.5271922e+00  -2.2371806e+00   3.0254977e+02   4.1856351e+01  -2.1097349e+02
  -2.2416181e+01   3.5151460e+00  -2.3063277e+00   3.0265783e+02   4.1877608e+01  -2.1103623e+02
  -2.2498325e+01   3.5005265e+00  -2.3854327e+00   3.0277987e+02   4.1901271e+01  -2.1111427e+02
  -2.2585315e+01   3.4839942e+00  -2.4755208e+00   3.0291623e+02   4.1928162e+01  -2.1120897e+02
  -2.2677159e+01   3.4665507e+00  -2.5775097e+00   3.0306715e+02   4.1959479e+01  -2.1132179e+02
  -2.2774319e+01   3.4495812e+00  -2.6921281e+00   3.0323282e+02   4.1996694e+01  -2.1145434e+02
  -2.2877724e+01   3.4348670e+00  -2.8198491e+00   3.0341334e+02   4.2041445e+01  -2.1160831e+02
  -2.2988716e+01   3.4245201e+00  -2.9608663e+00   3.0360870e+02   4.2095388e+01  -2.1178542e+02
  -2.3108970e+01   3.4208632e+00  -3.1150890e+00   3.0381873e+02   4.2160074e+01  -2.1198729e+02
  -2.3240356e+01   3.4262557e+00  -3.2821743e+00   3.0404302e+02   4.2236857e+01  -2.1221529e+02
  -2.3384793e+01   3.4428854e+00  -3.4615646e+00   3.0428089e+02   4.2326842e+01  -2.1247041e+02
  -2.3544100e+01   3.4725631e+00  -3.6525231e+00   3.0453132e+02   4.2430890e+01  -2.1275306e+02
  -2.3719866e+01   3.5165337e+00  -3.8541553e+00   3.0479295e+02   4.2549657e+01  -2.1306291e+02
  -2.3913369e+01   3.5753451e+00  -4.0653971e+00   3.0506411e+02   4.2683660e+01  -2.1339879e+02
  -2.4125536e+01   3.6487599e+00  -4.2849873e+00   3.0534292e+02   4.2833362e+01  -2.1375859e+02
  -2.4356964e+01   3.7357601e+00  -4.5114019e+00   3.0562733e+02   4.2999237e+01  -2.1413926e+02
  -2.4607971e+01   3.8346105e+00  -4.7427831e+00   3.0591533e+02   4.3181831e+01  -2.1453675e+02
  -2.4878697e+01   3.9429837e+00  -4.9768670e+00   3.0620504e+02   4.3381796e+01  -2.1494615e+02
  -2.5169219e+01   4.0581301e+00  -5.2109339e+00   3.0649488e+02   4.3599901e+01  -2.1536171e+02
  -2.5479672e+01   4.1770794e+00  -5.4417876e+00   3.0678368e+02   4.3837026e+01  -2.1577703e+02
  -2.5810374e+01   4.2968362e+00  -5.6657846e+00   3.0707079e+02   4.4094142e+01  -2.1618517e+02
  -2.6161919e+01   4.4145722e+00  -5.8789095e+00   3.0735605e+02   4.4372294e+01  -2.1657883e+02
  -2.6535272e+01   4.5277815e+00  -6.0768934e+00   3.0763986e+02   4.4672595e+01  -2.1695052e+02
  -2.6931798e+01   4.6344025e+00  -6.2553688e+00   3.0792308e+02   4.4996240e+01  -2.1729277e+02
  -2.7353281e+01   4.7328814e+00  -6.4100551e+00   3.0820696e+02   4.5344546e+01  -2.1759831e+02
  -2.7801891e+01   4.8222068e+00  -6.5369430e+00   3.0849302e+02   4.5719024e+01  -2.1786030e+02
  -2.8280109e+01   4.9018839e+00  -6.6324852e+00   3.0878296e+02   4.6121455e+01  -2.1807258e+02
  -2.8790628e+01   4.9719018e+00  -6.6937541e+00   3.0907860e+02   4.6553991e+01  -2.1822985e+02
  -2.9336220e+01   5.0326649e+00  -6.7185687e+00   3.0938181e+02   4.7019227e+01  -2.1832791e+02
  -2.9919605e+01   5.0849328e+00  -6.7055726e+00   3.0969459e+02   4.7520246e+01  -2.1836388e+02
  -3.0543306e+01   5.1297416e+00  -6.6542776e+00   3.1001906e+02   4.8060609e+01  -2.1833628e+02
  -3.1209547e+01   5.1683438e+00  -6.5650521e+00   3.1035767e+02   4.8644274e+01  -2.1824520e+02
  -3.1920170e+01   5.2021486e+00  -6.4390737e+00   3.1071330e+02   4.9275448e+01  -2.1809227e+02
  -3.2676617e+01   5.2326788e+00  -6.2782524e+00   3.1108950e+02   4.9958367e+01  -2.1788061e+02
  -3.3479983e+01   5.2615356e+00  -6.0851265e+00   3.1149066e+02   5.0697026e+01  -2.1761473e+02
  -3.4331164e+01   5.2903750e+00  -5.8627422e+00   3.1192218e+02   5.1494880e+01  -2.1730028e+02
  -3.5231095e+01   5.3208870e+00  -5.6145293e+00   3.1239066e+02   5.2354530e+01  -2.1694384e+02
  -3.6181090e+01   5.3547764e+00  -5.3441681e+00   3.1290397e+02   5.3277442e+01  -2.1655260e+02
  -3.7183259e+01   5.3937216e+00  -5.0554663e+00   3.1347127e+02   5.4263722e+01  -2.1613403e+02
  -3.8240954e+01   5.4393205e+00  -4.7522367e+00   3.1410304e+02   5.5311974e+01  -2.1569564e+02
  -3.9359185e+01   5.4930516e+00  -4.4381552e+00   3.1481090e+02   5.6419274e+01  -2.1524464e+02
  -4.0544973e+01   5.5562155e+00  -4.1166185e+00   3.1560755e+02   5.7581289e+01  -2.1478776e+02
  -4.1807579e+01   5.6299110e+00  -3.7905764e+00   3.1650656e+02   5.8792542e+01  -2.1433103e+02
  -4.3158544e+01   5.7150505e+00  -3.4623537e+00   3.1752210e+02   6.0046825e+01  -2.1387972e+02
  -4.4611551e+01   5.8123951e+00  -3.1334772e+00   3.1866874e+02   6.1337774e+01  -2.1343823e+02
  -4.6182052e+01   5.9226685e+00  -2.8045055e+00   3.1996116e+02   6.2659533e+01  -2.1301009e+02
  -4.7886678e+01   6.0466872e+00  -2.4749101e+00   3.2141396e+02   6.4007519e+01  -2.1259793e+02
  -4.9742413e+01   6.1855544e+00  -2.1429955e+00   3.2304138e+02   6.5379208e+01  -2.1220352e+02
  -5.1765570e+01   6.3408744e+00  -1.8058902e+00   3.2485727e+02   6.6774889e+01  -2.1182776e+02
  -5.3970550e+01   6.5149774e+00  -1.4596136e+00   3.2687493e+02   6.8198322e+01  -2.1147064e+02
  -5.6368458e+01   6.7111725e+00  -1.0992234e+00   3.2910733e+02   6.9657241e+01  -2.1113122e+02
  -5.8965625e+01   6.9338567e+00  -7.1906929e-01   3.3156718e+02   7.1163600e+01  -2.1080759e+02
  -6.1762109e+01   7.1885653e+00  -3.1316149e-01   3.3426740e+02   7.2733490e+01  -2.1049676e+02
  -6.4750303e+01   7.4817919e+00   1.2429262e-01   3.3722157e+02   7.4386654e+01  -2.1019464e+02
  -6.7913763e+01   7.8205805e+00   5.9814903e-01   3.4044458e+02   7.6145524e+01  -2.0989600e+02
  -7.1226324e+01   8.2119205e+00   1.1113438e+00   3.4395336e+02   7.8033727e+01  -2.0959467e+02
  -7.4651705e+01   8.6619805e+00   1.6637186e+00   3.4776760e+02   8.0074125e+01  -2.0928365e+02
  -7.8143680e+01   9.1753016e+00   2.2507237e+00   3.5191034e+02   8.2286448e+01  -2.0895559e+02
  -8.1647127e+01   9.7540329e+00   2.8622639e+00   3.5640827e+02   8.4684738e+01  -2.0860326e+02
  -8.5100238e+01   1.0397214e+01   3.4820655e+00   3.6129141e+02   8.7274947e+01  -2.0822021e+02
  -8.8438165e+01   1.1099958e+01   4.0879175e+00   3.6659230e+02   9.0053080e+01  -2.0780136e+02
  -9.1597965e+01   1.1852474e+01   4.6531297e+00   3.7234446e+02   9.3004426e+01  -2.0734359e+02
  -9.4524080e+01   1.2639167e+01   5.1493101e+00   3.7858065e+02   9.6104296e+01  -2.0684598e+02
  -9.7172758e+01   1.3438443e+01   5.5499350e+00   3.8533156e+02   9.9320226e+01  -2.0630981e+02
  -9.9513770e+01   1.4223927e+01   5.8337412e+00   3.9262531e+02   1.0261495e+02  -2.0573805e+02
  -1.0152888e+02   1.4967368e+01   5.9868836e+00   4.0048780e+02   1.0594896e+02  -2.0513471e+02
  -1.0320834e+02   1.5642094e+01   6.0031221e+00   4.0894275e+02   1.0928186e+02  -2.0450423e+02
  -1.0454761e+02   1.6225760e+01   5.8826397e+00   4.1801086e+02   1.1257259e+02  -2.0385119e+02
  -1.0554570e+02   1.6701551e+01   5.6303012e+00   4.2770779e+02   1.1577952e+02  -2.0318045e+02
  -1.0620502e+02   1.7058156e+01   5.2542548e+00   4.3804157e+02   1.1886103e+02  -2.0249750e+02
  -1.0653196e+02   1.7289295e+01   4.7651856e+00   4.4901060e+02   1.2177680e+02  -2.0180874e+02
  -1.0653742e+02   1.7393299e+01   4.1760431e+00   4.6060259e+02   1.2448946e+02  -2.0112168e+02
  -1.0623705e+02   1.7372886e+01   3.5020266e+00   4.7279463e+02   1.2696620e+02  -2.0044478e+02
  -1.0565102e+02   1.7234986e+01   2.7605396e+00   4.8555458e+02   1.2918001e+02  -1.9978718e+02
  -1.0480352e+02   1.6990421e+01   1.9709008e+00   4.9884305e+02   1.3111040e+02  -1.9915831e+02
  -1.0372176e+02   1.6653279e+01   1.1537061e+00   5.1261603e+02   1.3274368e+02  -1.9856737e+02
  -1.0243473e+02   1.6239944e+01   3.2986070e-01   5.2682761e+02   1.3407275e+02  -1.9802300e+02
  -1.0097182e+02   1.5767878e+01  -4.8061766e-01   5.4143249e+02   1.3509652e+02  -1.9753288e+02
  -9.9361381e+01   1.5254332e+01  -1.2598104e+00   5.5638817e+02   1.3581904e+02  -1.9710347e+02
  -9.7629467e+01   1.4715149e+01  -1.9929354e+00   5.7165644e+02   1.3624836e+02  -1.9673984e+02
  -9.5798996e+01   1.4163890e+01  -2.6690427e+00   5.8720436e+02   1.3639536e+02  -1.9644549e+02
  -9.3889313e+01   1.3611359e+01  -3.2812918e+00   6.0300465e+02   1.3627243e+02  -1.9622226e+02
  -9.1916204e+01   1.3065501e+01  -3.8268742e+00   6.1903550e+02   1.3589238e+02  -1.9607024e+02
  -8.9892325e+01   1.2531699e+01  -4.3065546e+00   6.3528017e+02   1.3526748e+02  -1.9598777e+02
  -8.7827838e+01   1.2013255e+01  -4.7240887e+00   6.5172626e+02   1.3440882e+02  -1.9597155e+02
  -8.5731195e+01   1.1511995e+01  -5.0854645e+00   6.6836496e+02   1.3332593e+02  -1.9601684e+02
  -8.3609896e+01   1.1028841e+01  -5.3981785e+00   6.8519020e+02   1.3202677e+02  -1.9611768e+02
  -8.1471074e+01   1.0564300e+01  -5.6705363e+00   7.0219797e+02   1.3051787e+02  -1.9626729e+02
  -7.9321910e+01   1.0118769e+01  -5.9110290e+00   7.1938575e+02   1.2880477e+02  -1.9645843e+02
  -7.7169717e+01   9.6927000e+00  -6.1278355e+00   7.3675206e+02   1.2689248e+02  -1.9668382e+02
  -7.5021821e+01   9.2866288e+00  -6.3283657e+00   7.5429612e+02   1.2478610e+02  -1.9693646e+02
  -7.2885166e+01   8.9011087e+00  -6.5189648e+00   7.7201773e+02   1.2249136e+02  -1.9720996e+02
  -7.0765869e+01   8.5365984e+00  -6.7046417e+00   7.8991715e+02   1.2001519e+02  -1.9749873e+02
  -6.8668674e+01   8.1933875e+00  -6.8889469e+00   8.0799501e+02   1.1736624e+02  -1.9779807e+02
  -6.6596544e+01   7.8715481e+00  -7.0739098e+00   8.2625227e+02   1.1455523e+02  -1.9810421e+02
  -6.4550397e+01   7.5709384e+00  -7.2601236e+00   8.4469010e+02   1.1159532e+02  -1.9841421e+02
  -6.2529038e+01   7.2912984e+00  -7.4468840e+00   8.6330968e+02   1.0850225e+02  -1.9872583e+02
  -6.0529390e+01   7.0322980e+00  -7.6324880e+00   8.8211204e+02   1.0529447e+02  -1.9903732e+02
  -5.8546784e+01   6.7937133e+00  -7.8145560e+00   9.0109773e+02   1.0199310e+02  -1.9934727e+02
  -5.6575553e+01   6.5755267e+00  -7.9903840e+00   9.2026655e+02   9.8621856e+01  -1.9965439e+02
  -5.4609601e+01   6.3780227e+00  -8.1573376e+00   9.3961726e+02   9.5206885e+01  -1.9995740e+02
  -5.2642990e+01   6.2018440e+00  -8.3131618e+00   9.5914726e+02   9.1776495e+01  -2.0025496e+02
  -5.0670490e+01   6.0479136e+00  -8.4562452e+00   9.7885230e+02   8.8360851e+01  -2.0054574e+02
  -4.8688009e+01   5.9173110e+00  -8.5857702e+00   9.9872621e+02   8.4991572e+01  -2.0082851e+02
  -4.6692752e+01   5.8110523e+00  -8.7017539e+00   1.0187606e+03   8.1701293e+01  -2.0110236e+02
  -4.4683507e+01   5.7297109e+00  -8.8049414e+00   1.0389448e+03   7.8523218e+01  -2.0136709e+02
  -4.2660440e+01   5.6731757e+00  -8.8965825e+00   1.0592652e+03   7.5490598e+01  -2.0162344e+02
  -4.0625054e+01   5.6403163e+00  -8.9780629e+00   1.0797054e+03   7.2636249e+01  -2.0187350e+02
  -3.8580008e+01   5.6287764e+00  -9.0504565e+00   1.1002460e+03   6.9992102e+01  -2.0212097e+02
  -3.6528793e+01   5.6349741e+00  -9.1140318e+00   1.1208641e+03   6.7588656e+01  -2.0237130e+02
  -3.4475490e+01   5.6541898e+00  -9.1677866e+00   1.1415331e+03   6.5454524e+01  -2.0263168e+02
  -3.2424629e+01   5.6807656e+00  -9.2090373e+00   1.1622230e+03   6.3615894e+01  -2.0291085e+02
  -3.0380875e+01   5.7085139e+00  -9.2332236e+00   1.1829001e+03   6.2095990e+01  -2.0321869e+02
  -2.8348918e+01   5.7310962e+00  -9.2338843e+00   1.2035271e+03   6.0914473e+01  -2.0356563e+02
  -2.6333339e+01   5.7424213e+00  -9.2029362e+00   1.2240632e+03   6.0086817e+01  -2.0396193e+02
  -2.4338610e+01   5.7370735e+00  -9.1311001e+00   1.2444649e+03   5.9623726e+01  -2.0441686e+02
  -2.2369048e+01   5.7106221e+00  -9.0086600e+00   1.2646858e+03   5.9530470e+01  -2.0493785e+02
  -2.0428931e+01   5.6598401e+00  -8.8263326e+00   1.2846779e+03   5.9806344e+01  -2.0552979e+02
  -1.8522545e+01   5.5828642e+00  -8.5762570e+00   1.3043921e+03   6.0444162e+01  -2.0619441e+02
  -1.6654366e+01   5.4792482e+00  -8.2529376e+00   1.3237789e+03   6.1429915e+01  -2.0692993e+02
  -1.4829204e+01   5.3499287e+00  -7.8541179e+00   1.3427894e+03   6.2742511e+01  -2.0773099e+02
  -1.3052351e+01   5.1971413e+00  -7.3814369e+00   1.3613761e+03   6.4353763e+01  -2.0858886e+02
  -1.1329738e+01   5.0242886e+00  -6.8407775e+00   1.3794935e+03   6.6228473e+01  -2.0949203e+02
  -9.6681173e+00   4.8357132e+00  -6.2422901e+00   1.3970989e+03   6.8324809e+01  -2.1042699e+02
  -8.0751041e+00   4.6365722e+00  -5.6000140e+00   1.4141531e+03   7.0594738e+01  -2.1137926e+02
  -6.5592371e+00   4.4325558e+00  -4.9311523e+00   1.4306205e+03   7.2984717e+01  -2.1233448e+02
  -5.1299661e+00   4.2296714e+00  -4.2549934e+00   1.4464698e+03   7.5436552e+01  -2.1327946e+02
  -3.7974207e+00   4.0339802e+00  -3.5916981e+00   1.4616744e+03   7.7888371e+01  -2.1420316e+02
  -2.5722665e+00   3.8512943e+00  -2.9608981e+00   1.4762126e+03   8.0275901e+01  -2.1509739e+02
  -1.4653343e+00   3.6868587e+00  -2.3804317e+00   1.4900680e+03   8.2533929e+01  -2.1595733e+02
  -4.8707074e-01   3.5451643e+00  -1.8652314e+00   1.5032300e+03   8.4598056e+01  -2.1678165e+02
   3.5290169e-01   3.4296288e+00  -1.4265152e+00   1.5156943e+03   8.6406755e+01  -2.1757243e+02
   1.0464750e+00   3.3425643e+00  -1.0713181e+00   1.5274627e+03   8.7903683e+01  -2.1833474e+02
   1.5876508e+00   3.2851308e+00  -8.0238866e-01   1.5385438e+03   8.9040189e+01  -2.1907599e+02
   1.9732033e+00   3.2574155e+00  -6.1842454e-01   1.5489518e+03   8.9777902e+01  -2.1980510e+02
   2.2031344e+00   3.2585183e+00  -5.1456051e-01   1.5587066e+03   9.0091204e+01  -2.2053147e+02
   2.2812835e+00   3.2867943e+00  -4.8305288e-01   1.5678320e+03   8.9969398e+01  -2.2126392e+02
   2.2154939e+00   3.3399228e+00  -5.1404161e-01   1.5763542e+03   8.9418297e+01  -2.2200963e+02
   2.0177564e+00   3.4150959e+00  -5.9630856e-01   1.5842993e+03   8.8461088e+01  -2.2277310e+02
   1.7041176e+00   3.5090650e+00  -7.1805429e-01   1.5916918e+03   8.7138195e+01  -2.2355536e+02
   1.2942432e+00   3.6181731e+00  -8.6751676e-01   1.5985514e+03   8.5506104e+01  -2.2435339e+02
   8.1081044e-01   3.7383834e+00  -1.0335538e+00   1.6048915e+03   8.3635002e+01  -2.2515995e+02
   2.7848045e-01   3.8652907e+00  -1.2060623e+00   1.6107179e+03   8.1605336e+01  -2.2596381e+02
  -2.7722218e-01   3.9942484e+00  -1.3763126e+00   1.6160284e+03   7.9503391e+01  -2.2675042e+02
  -8.3122589e-01   4.1205384e+00  -1.5371574e+00   1.6208137e+03   7.7416132e+01  -2.2750303e+02
  -1.3604278e+00   4.2396679e+00  -1.6831533e+00   1.6250599e+03   7.5425656e+01  -2.2820415e+02
