   3.2207452e+02   9.9179912e+01  -2.1740059e+02   1.0000000e+00
   3.2534422e+02   9.4288878e+01  -2.1869539e+02   1.0000000e+00
   3.2852536e+02   8.9467998e+01  -2.1997675e+02   1.0000000e+00
   3.3159286e+02   8.4753584e+01  -2.2121389e+02   1.0000000e+00
   3.3452377e+02   8.0175810e+01  -2.2237503e+02   1.0000000e+00
   3.3729741e+02   7.5759277e+01  -2.2342863e+02   1.0000000e+00
   3.3989588e+02   7.1523581e+01  -2.2434491e+02   1.0000000e+00
   3.4230502e+02   6.7483733e+01  -2.2509770e+02   1.0000000e+00
   3.4451533e+02   6.3650647e+01  -2.2566653e+02   1.0000000e+00
   3.4652266e+02   6.0031792e+01  -2.2603856e+02   1.0000000e+00
   3.4832841e+02   5.6632013e+01  -2.2621023e+02   1.0000000e+00
   3.4993911e+02   5.3454456e+01  -2.2618831e+02   1.0000000e+00
   3.5136554e+02   5.0501431e+01  -2.2598996e+02   1.0000000e+00
   3.5262152e+02   4.7775108e+01  -2.2564195e+02   1.0000000e+00
   3.5372258e+02   4.5277844e+01  -2.2517881e+02   1.0000000e+00
   3.5468469e+02   4.3012101e+01  -2.2464013e+02   1.0000000e+00
   3.5552333e+02   4.0979932e+01  -2.2406737e+02   1.0000000e+00
   3.5625275e+02   3.9182145e+01  -2.2350048e+02   1.0000000e+00
   3.5688566e+02   3.7617315e+01  -2.2297486e+02   1.0000000e+00
   3.5743316e+02   3.6280847e+01  -2.2251890e+02   1.0000000e+00
   3.5790485e+02   3.5164282e+01  -2.2215245e+02   1.0000000e+00
   3.5830913e+02   3.4254977e+01  -2.2188635e+02   1.0000000e+00
   3.5865345e+02   3.3536228e+01  -2.2172281e+02   1.0000000e+00
   3.5894465e+02   3.2987799e+01  -2.2165648e+02   1.0000000e+00
   3.5918911e+02   3.2586799e+01  -2.2167611e+02   1.0000000e+00
   3.5939290e+02   3.2308787e+01  -2.2176625e+02   1.0000000e+00
   3.5956186e+02   3.2128975e+01  -2.2190916e+02   1.0000000e+00
   3.5970152e+02   3.2023418e+01  -2.2208644e+02   1.0000000e+00
   3.5981704e+02   3.1970061e+01  -2.2228056e+02   1.0000000e+00
   3.5991309e+02   3.1949583e+01  -2.2247599e+02   1.0000000e+00
   3.5999378e+02   3.1945987e+01  -2.2266005e+02   1.0000000e+00
   3.6006254e+02   3.1946902e+01  -2.2282337e+02   1.0000000e+00
   3.6012216e+02   3.1943611e+01  -2.2295998e+02   1.0000000e+00
   3.6017476e+02   3.1930834e+01  -2.2306716e+02   1.0000000e+00
   3.6022190e+02   3.1906307e+01  -2.2314503e+02   1.0000000e+00
   3.6026464e+02   3.1870218e+01  -2.2319597e+02   1.0000000e+00
   3.6030371e+02   3.1824563e+01  -2.2322396e+02   1.0000000e+00
   3.6033956e+02   3.1772477e+01  -2.2323386e+02   1.0000000e+00
   3.6037248e+02   3.1717612e+01  -2.2323083e+02   1.0000000e+00
   3.6040272e+02   3.1663586e+01  -2.2321969e+02   1.0000000e+00
   3.6043046e+02   3.1613566e+01  -2.2320456e+02   1.0000000e+00
   3.6045592e+02   3.1569957e+01  -2.2318853e+02   1.0000000e+00
   3.6047932e+02   3.1534260e+01  -2.2317360e+02   1.0000000e+00
   3.6050094e+02   3.1507023e+01  -2.2316064e+02   1.0000000e+00
   3.6052111e+02   3.1487909e+01  -2.2314958e+02   1.0000000e+00
   3.6054023e+02   3.1475833e+01  -2.2313968e+02   1.0000000e+00
   3.6055876e+02   3.1469138e+01  -2.2312975e+02   1.0000000e+00
   3.6057731e+02   3.1465801e+01  -2.2311854e+02   1.0000000e+00
   3.6059659e+02   3.1463623e+01  -2.2310496e+02   1.0000000e+00
   3.6061747e+02   3.1460405e+01  -2.2308829e+02   1.0000000e+00
   3.6064098e+02   3.1454092e+01  -2.2306831e+02   1.0000000e+00
   3.6066826e+02   3.1442896e+01  -2.2304537e+02   1.0000000e+00
   3.6070060e+02   3.1425374e+01  -2.2302026e+02   1.0000000e+00
   3.6073938e+02   3.1400492e+01  -2.2299417e+02   1.0000000e+00
   3.6078602e+02   3.1367663e+01  -2.2296849e+02   1.0000000e+00
   3.6084194e+02   3.1326761e+01  -2.2294467e+02   1.0000000e+00
   3.6090851e+02   3.1278113e+01  -2.2292404e+02   1.0000000e+00
   3.6098705e+02   3.1222471e+01  -2.2290771e+02   1.0000000e+00
   3.6107873e+02   3.1160949e+01  -2.2289649e+02   1.0000000e+00
   3.6118463e+02   3.1094937e+01  -2.2289092e+02   1.0000000e+00
   3.6130562e+02   3.1025986e+01  -2.2289131e+02   1.0000000e+00
   3.6144245e+02   3.0955668e+01  -2.2289781e+02   1.0000000e+00
   3.6159562e+02   3.0885444e+01  -2.2291055e+02   1.0000000e+00
   3.6176541e+02   3.0816497e+01  -2.2292978e+02   1.0000000e+00
   3.6195180e+02   3.0749615e+01  -2.2295586e+02   1.0000000e+00
   3.6215445e+02   3.0685104e+01  -2.2298938e+02   1.0000000e+00
   3.6237265e+02   3.0622760e+01  -2.2303108e+02   1.0000000e+00
   3.6260527e+02   3.0561941e+01  -2.2308177e+02   1.0000000e+00
   3.6285078e+02   3.0501678e+01  -2.2314228e+02   1.0000000e+00
   3.6310725e+02   3.0440878e+01  -2.2321329e+02   1.0000000e+00
   3.6337240e+02   3.0378508e+01  -2.2329519e+02   1.0000000e+00
   3.6364369e+02   3.0313779e+01  -2.2338807e+02   1.0000000e+00
   3.6391839e+02   3.0246284e+01  -2.2349156e+02   1.0000000e+00
   3.6419373e+02   3.0176050e+01  -2.2360489e+02   1.0000000e+00
   3.6446701e+02   3.0103539e+01  -2.2372686e+02   1.0000000e+00
   3.6473574e+02   3.0029558e+01  -2.2385593e+02   1.0000000e+00
   3.6499772e+02   2.9955133e+01  -2.2399025e+02   1.0000000e+00
   3.6525115e+02   2.9881343e+01  -2.2412776e+02   1.0000000e+00
   3.6549468e+02   2.9809144e+01  -2.2426620e+02   1.0000000e+00
   3.6572739e+02   2.9739229e+01  -2.2440317e+02   1.0000000e+00
   3.6594875e+02   2.9671909e+01  -2.2453612e+02   1.0000000e+00
   3.6615858e+02   2.9607091e+01  -2.2466240e+02   1.0000000e+00
   3.6635688e+02   2.9544307e+01  -2.2477922e+02   1.0000000e+00
   3.6654375e+02   2.9482839e+01  -2.2488370e+02   1.0000000e+00
   3.6671930e+02   2.9421906e+01  -2.2497295e+02   1.0000000e+00
   3.6688358e+02   2.9360907e+01  -2.2504412e+02   1.0000000e+00
   3.6703654e+02   2.9299667e+01  -2.2509459e+02   1.0000000e+00
   3.6717813e+02   2.9238658e+01  -2.2512208e+02   1.0000000e+00
   3.6730839e+02   2.9179160e+01  -2.2512480e+02   1.0000000e+00
   3.6742761e+02   2.9123317e+01  -2.2510168e+02   1.0000000e+00
   3.6753657e+02   2.9074076e+01  -2.2505237e+02   1.0000000e+00
   3.6763671e+02   2.9034995e+01  -2.2497739e+02   1.0000000e+00
   3.6773040e+02   2.9009911e+01  -2.2487808e+02   1.0000000e+00
   3.6782104e+02   2.9002467e+01  -2.2475651e+02   1.0000000e+00
   3.6791311e+02   2.9015548e+01  -2.2461535e+02   1.0000000e+00
   3.6801213e+02   2.9050627e+01  -2.2445758e+02   1.0000000e+00
   3.6812443e+02   2.9107102e+01  -2.2428632e+02   1.0000000e+00
   3.6825678e+02   2.9181720e+01  -2.2410450e+02   1.0000000e+00
   3.6841598e+02   2.9268171e+01  -2.2391468e+02   1.0000000e+00
   3.6860822e+02   2.9356956e+01  -2.2371891e+02   1.0000000e+00
   3.6883854e+02   2.9435589e+01  -2.2351869e+02   1.0000000e+00
   3.6911019e+02   2.9489233e+01  -2.2331505e+02   1.0000000e+00
   3.6942408e+02   2.9501751e+01  -2.2310871e+02   1.0000000e+00
   3.6977836e+02   2.9457199e+01  -2.2290030e+02   1.0000000e+00
   3.7016821e+02   2.9341702e+01  -2.2269065e+02   1.0000000e+00
   3.7058592e+02   2.9145639e+01  -2.2248100e+02   1.0000000e+00
   3.7102134e+02   2.8866008e+01  -2.2227322e+02   1.0000000e+00
   3.7146293e+02   2.8508818e+01  -2.2206992e+02   1.0000000e+00
   3.7189937e+02   2.8091280e+01  -2.2187447e+02   1.0000000e+00
   3.7232188e+02   2.7643443e+01  -2.2169084e+02   1.0000000e+00
   3.7272723e+02   2.7208977e+01  -2.2152331e+02   1.0000000e+00
   3.7312135e+02   2.6844639e+01  -2.2137601e+02   1.0000000e+00
   3.7352321e+02   2.6618124e+01  -2.2125213e+02   1.0000000e+00
   3.7396875e+02   2.6604054e+01  -2.2115306e+02   1.0000000e+00
   3.7451401e+02   2.6878115e+01  -2.2107726e+02   1.0000000e+00
   3.7523695e+02   2.7509671e+01  -2.2101906e+02   1.0000000e+00
   3.7623683e+02   2.8553484e+01  -2.2096768e+02   1.0000000e+00
   3.7763028e+02   3.0041706e+01  -2.2090669e+02   1.0000000e+00
   3.7954340e+02   3.1977692e+01  -2.2081437e+02   1.0000000e+00
   3.8210052e+02   3.4333491e+01  -2.2066523e+02   1.0000000e+00
   3.8541167e+02   3.7052501e+01  -2.2043278e+02   1.0000000e+00
   3.8956276e+02   4.0057269e+01  -2.2009319e+02   1.0000000e+00
   3.9461204e+02   4.3260304e+01  -2.1962853e+02   1.0000000e+00
   4.0059376e+02   4.6574288e+01  -2.1902876e+02   1.0000000e+00
   4.0752602e+02   4.9918635e+01  -2.1829179e+02   1.0000000e+00
   4.1541749e+02   5.3221975e+01  -2.1742225e+02   1.0000000e+00
   4.2427052e+02   5.6422200e+01  -2.1642986e+02   1.0000000e+00
   4.3408060e+02   5.9466020e+01  -2.1532834e+02   1.0000000e+00
   4.4483431e+02   6.2308988e+01  -2.1413479e+02   1.0000000e+00
   4.5650742e+02   6.4915935e+01  -2.1286942e+02   1.0000000e+00
   4.6906409e+02   6.7261415e+01  -2.1155528e+02   1.0000000e+00
   4.8245716e+02   6.9329776e+01  -2.1021786e+02   1.0000000e+00
   4.9662949e+02   7.1114675e+01  -2.0888432e+02   1.0000000e+00
   5.1151632e+02   7.2618012e+01  -2.0758243e+02   1.0000000e+00
   5.2704811e+02   7.3848414e+01  -2.0633930e+02   1.0000000e+00
   5.4315382e+02   7.4819474e+01  -2.0517996e+02   1.0000000e+00
   5.5976415e+02   7.5547970e+01  -2.0412599e+02   1.0000000e+00
   5.7681431e+02   7.6052238e+01  -2.0319441e+02   1.0000000e+00
   5.9424620e+02   7.6350829e+01  -2.0239694e+02   1.0000000e+00
   6.1200959e+02   7.6461469e+01  -2.0173964e+02   1.0000000e+00
   6.3006249e+02   7.6400306e+01  -2.0122301e+02   1.0000000e+00
   6.4837069e+02   7.6181414e+01  -2.0084240e+02   1.0000000e+00
   6.6690673e+02   7.5816491e+01  -2.0058871e+02   1.0000000e+00
   6.8564863e+02   7.5314732e+01  -2.0044929e+02   1.0000000e+00
   7.0457843e+02   7.4682846e+01  -2.0040887e+02   1.0000000e+00
   7.2368108e+02   7.3925223e+01  -2.0045066e+02   1.0000000e+00
   7.4294349e+02   7.3044250e+01  -2.0055732e+02   1.0000000e+00
   7.6235408e+02   7.2040797e+01  -2.0071195e+02   1.0000000e+00
   7.8190260e+02   7.0914872e+01  -2.0089894e+02   1.0000000e+00
   8.0158037e+02   6.9666447e+01  -2.0110467e+02   1.0000000e+00
   8.2138052e+02   6.8296377e+01  -2.0131805e+02   1.0000000e+00
   8.4129838e+02   6.6807399e+01  -2.0153081e+02   1.0000000e+00
   8.6133159e+02   6.5205040e+01  -2.0173758e+02   1.0000000e+00
   8.8148008e+02   6.3498391e+01  -2.0193567e+02   1.0000000e+00
   9.0174575e+02   6.1700642e+01  -2.0212468e+02   1.0000000e+00
   9.2213183e+02   5.9829299e+01  -2.0230593e+02   1.0000000e+00
   9.4264220e+02   5.7906151e+01  -2.0248179e+02   1.0000000e+00
   9.6328040e+02   5.5956900e+01  -2.0265500e+02   1.0000000e+00
   9.8404883e+02   5.4010596e+01  -2.0282802e+02   1.0000000e+00
   1.0049478e+03   5.2098901e+01  -2.0300262e+02   1.0000000e+00
   1.0259751e+03   5.0255223e+01  -2.0317957e+02   1.0000000e+00
   1.0471251e+03   4.8513812e+01  -2.0335871e+02   1.0000000e+00
   1.0683888e+03   4.6909012e+01  -2.0353920e+02   1.0000000e+00
   1.0897532e+03   4.5474308e+01  -2.0372001e+02   1.0000000e+00
   1.1112021e+03   4.4241829e+01  -2.0390067e+02   1.0000000e+00
   1.1327149e+03   4.3241678e+01  -2.0408204e+02   1.0000000e+00
   1.1542680e+03   4.2501488e+01  -2.0426712e+02   1.0000000e+00
   1.1758339e+03   4.2046103e+01  -2.0446174e+02   1.0000000e+00
   1.1973821e+03   4.1897319e+01  -2.0467500e+02   1.0000000e+00
   1.2188785e+03   4.2073433e+01  -2.0491944e+02   1.0000000e+00
   1.2402865e+03   4.2589147e+01  -2.0521074e+02   1.0000000e+00
   1.2615664e+03   4.3455179e+01  -2.0556706e+02   1.0000000e+00
   1.2826762e+03   4.4677966e+01  -2.0600796e+02   1.0000000e+00
   1.3035718e+03   4.6259248e+01  -2.0655307e+02   1.0000000e+00
   1.3242073e+03   4.8195690e+01  -2.0722045e+02   1.0000000e+00
   1.3445358e+03   5.0478401e+01  -2.0802496e+02   1.0000000e+00
   1.3645096e+03   5.3092549e+01  -2.0897669e+02   1.0000000e+00
   1.3840814e+03   5.6016890e+01  -2.1007964e+02   1.0000000e+00
   1.4032046e+03   5.9223380e+01  -2.1133076e+02   1.0000000e+00
   1.4218342e+03   6.2676951e+01  -2.1271951e+02   1.0000000e+00
   1.4399282e+03   6.6335329e+01  -2.1422807e+02   1.0000000e+00
   1.4574481e+03   7.0149061e+01  -2.1583203e+02   1.0000000e+00
   1.4743597e+03   7.4061849e+01  -2.1750172e+02   1.0000000e+00
   1.4906347e+03   7.8011095e+01  -2.1920406e+02   1.0000000e+00
   1.5062503e+03   8.1928766e+01  -2.2090465e+02   1.0000000e+00
   1.5211906e+03   8.5742718e+01  -2.2257011e+02   1.0000000e+00
   1.5354461e+03   8.9378125e+01  -2.2417024e+02   1.0000000e+00
   1.5490138e+03   9.2759392e+01  -2.2567997e+02   1.0000000e+00
   1.5618970e+03   9.5812519e+01  -2.2708084e+02   1.0000000e+00
   1.5741046e+03   9.8467468e+01  -2.2836186e+02   1.0000000e+00
   1.5856500e+03   1.0066111e+02  -2.2951969e+02   1.0000000e+00
   1.5965513e+03   1.0234013e+02  -2.3055821e+02   1.0000000e+00
   1.6068291e+03   1.0346417e+02  -2.3148747e+02   1.0000000e+00
   1.6165065e+03   1.0400858e+02  -2.3232216e+02   1.0000000e+00
   1.6256069e+03   1.0396720e+02  -2.3307979e+02   1.0000000e+00
   1.6341529e+03   1.0335406e+02  -2.3377879e+02   1.0000000e+00
   1.6421649e+03   1.0220445e+02  -2.3443655e+02   1.0000000e+00
   1.6496589e+03   1.0057478e+02  -2.3506778e+02   1.0000000e+00
   1.6566455e+03   9.8541019e+01  -2.3568314e+02   1.0000000e+00
   1.6631283e+03   9.6195794e+01  -2.3628841e+02   1.0000000e+00
   1.6691039e+03   9.3643938e+01  -2.3688419e+02   1.0000000e+00
   1.6745618e+03   9.0996954e+01  -2.3746613e+02   1.0000000e+00
   1.6794860e+03   8.8366534e+01  -2.3802584e+02   1.0000000e+00
   1.6838577e+03   8.5857485e+01  -2.3855220e+02   1.0000000e+00
   3.5270506e+02   1.0894921e+02  -2.1065824e+02   1.0000000e+00
   3.5625031e+02   1.0331875e+02  -2.1226429e+02   1.0000000e+00
   3.5969559e+02   9.7735395e+01  -2.1385112e+02   1.0000000e+00
   3.6300892e+02   9.2243990e+01  -2.1538622e+02   1.0000000e+00
   3.6616228e+02   8.6881771e+01  -2.1683506e+02   1.0000000e+00
   3.6913157e+02   8.1678930e+01  -2.1816220e+02   1.0000000e+00
   3.7189715e+02   7.6659205e+01  -2.1933303e+02   1.0000000e+00
   3.7444450e+02   7.1840574e+01  -2.2031599e+02   1.0000000e+00
   3.7676495e+02   6.7236010e+01  -2.2108521e+02   1.0000000e+00
   3.7885613e+02   6.2854331e+01  -2.2162315e+02   1.0000000e+00
   3.8072189e+02   5.8701232e+01  -2.2192278e+02   1.0000000e+00
   3.8237176e+02   5.4780390e+01  -2.2198921e+02   1.0000000e+00
   3.8381973e+02   5.1094552e+01  -2.2184004e+02   1.0000000e+00
   3.8508295e+02   4.7646409e+01  -2.2150461e+02   1.0000000e+00
   3.8618020e+02   4.4439148e+01  -2.2102192e+02   1.0000000e+00
   3.8713054e+02   4.1476539e+01  -2.2043748e+02   1.0000000e+00
   3.8795228e+02   3.8762510e+01  -2.1979952e+02   1.0000000e+00
   3.8866219e+02   3.6300314e+01  -2.1915489e+02   1.0000000e+00
   3.8927515e+02   3.4091382e+01  -2.1854539e+02   1.0000000e+00
   3.8980400e+02   3.2134194e+01  -2.1800482e+02   1.0000000e+00
   3.9025967e+02   3.0423321e+01  -2.1755718e+02   1.0000000e+00
   3.9065139e+02   2.8948910e+01  -2.1721609e+02   1.0000000e+00
   3.9098700e+02   2.7696613e+01  -2.1698521e+02   1.0000000e+00
   3.9127328e+02   2.6648023e+01  -2.1685968e+02   1.0000000e+00
   3.9151619e+02   2.5781505e+01  -2.1682788e+02   1.0000000e+00
   3.9172113e+02   2.5073295e+01  -2.1687353e+02   1.0000000e+00
   3.9189306e+02   2.4498740e+01  -2.1697778e+02   1.0000000e+00
   3.9203660e+02   2.4033533e+01  -2.1712106e+02   1.0000000e+00
   3.9215602e+02   2.3654809e+01  -2.1728476e+02   1.0000000e+00
   3.9225521e+02   2.3342058e+01  -2.1745243e+02   1.0000000e+00
   3.9233766e+02   2.3077766e+01  -2.1761067e+02   1.0000000e+00
   3.9240641e+02   2.2847780e+01  -2.1774961e+02   1.0000000e+00
   3.9246407e+02   2.2641393e+01  -2.1786301e+02   1.0000000e+00
   3.9251279e+02   2.2451176e+01  -2.1794807e+02   1.0000000e+00
   3.9255433e+02   2.2272604e+01  -2.1800498e+02   1.0000000e+00
   3.9259015e+02   2.2103535e+01  -2.1803633e+02   1.0000000e+00
   3.9262139e+02   2.1943604e+01  -2.1804637e+02   1.0000000e+00
   3.9264903e+02   2.1793612e+01  -2.1804028e+02   1.0000000e+00
   3.9267386e+02   2.1654951e+01  -2.1802346e+02   1.0000000e+00
   3.9269654e+02   2.1529117e+01  -2.1800097e+02   1.0000000e+00
   3.9271763e+02   2.1417349e+01  -2.1797700e+02   1.0000000e+00
   3.9273758e+02   2.1320376e+01  -2.1795460e+02   1.0000000e+00
   3.9275674e+02   2.1238305e+01  -2.1793554e+02   1.0000000e+00
   3.9277537e+02   2.1170609e+01  -2.1792036e+02   1.0000000e+00
   3.9279367e+02   2.1116181e+01  -2.1790850e+02   1.0000000e+00
   3.9281181e+02   2.1073463e+01  -2.1789866e+02   1.0000000e+00
   3.9282998e+02   2.1040571e+01  -2.1788904e+02   1.0000000e+00
   3.9284840e+02   2.1015451e+01  -2.1787780e+02   1.0000000e+00
   3.9286744e+02   2.0995994e+01  -2.1786327e+02   1.0000000e+00
   3.9288760e+02   2.0980154e+01  -2.1784428e+02   1.0000000e+00
   3.9290958e+02   2.0966028e+01  -2.1782021e+02   1.0000000e+00
   3.9293427e+02   2.0951928e+01  -2.1779113e+02   1.0000000e+00
   3.9296274e+02   2.0936436e+01  -2.1775764e+02   1.0000000e+00
   3.9299626e+02   2.0918460e+01  -2.1772080e+02   1.0000000e+00
   3.9303619e+02   2.0897284e+01  -2.1768189e+02   1.0000000e+00
   3.9308398e+02   2.0872616e+01  -2.1764223e+02   1.0000000e+00
   3.9314109e+02   2.0844624e+01  -2.1760298e+02   1.0000000e+00
   3.9320893e+02   2.0813942e+01  -2.1756499e+02   1.0000000e+00
   3.9328878e+02   2.0781641e+01  -2.1752873e+02   1.0000000e+00
   3.9338179e+02   2.0749148e+01  -2.1749427e+02   1.0000000e+00
   3.9348888e+02   2.0718106e+01  -2.1746135e+02   1.0000000e+00
   3.9361072e+02   2.0690195e+01  -2.1742954e+02   1.0000000e+00
   3.9374767e+02   2.0666908e+01  -2.1739836e+02   1.0000000e+00
   3.9389978e+02   2.0649339e+01  -2.1736743e+02   1.0000000e+00
   3.9406669e+02   2.0637979e+01  -2.1733665e+02   1.0000000e+00
   3.9424767e+02   2.0632585e+01  -2.1730617e+02   1.0000000e+00
   3.9444152e+02   2.0632116e+01  -2.1727648e+02   1.0000000e+00
   3.9464664e+02   2.0634789e+01  -2.1724825e+02   1.0000000e+00
   3.9486105e+02   2.0638218e+01  -2.1722231e+02   1.0000000e+00
   3.9508238e+02   2.0639661e+01  -2.1719948e+02   1.0000000e+00
   3.9530803e+02   2.0636313e+01  -2.1718047e+02   1.0000000e+00
   3.9553524e+02   2.0625620e+01  -2.1716585e+02   1.0000000e+00
   3.9576120e+02   2.0605555e+01  -2.1715597e+02   1.0000000e+00
   3.9598319e+02   2.0574804e+01  -2.1715103e+02   1.0000000e+00
   3.9619872e+02   2.0532865e+01  -2.1715113e+02   1.0000000e+00
   3.9640565e+02   2.0480050e+01  -2.1715635e+02   1.0000000e+00
   3.9660225e+02   2.0417376e+01  -2.1716684e+02   1.0000000e+00
   3.9678731e+02   2.0346404e+01  -2.1718284e+02   1.0000000e+00
   3.9696013e+02   2.0269029e+01  -2.1720470e+02   1.0000000e+00
   3.9712050e+02   2.0187243e+01  -2.1723286e+02   1.0000000e+00
   3.9726863e+02   2.0102937e+01  -2.1726771e+02   1.0000000e+00
   3.9740502e+02   2.0017718e+01  -2.1730953e+02   1.0000000e+00
   3.9753029e+02   1.9932803e+01  -2.1735831e+02   1.0000000e+00
   3.9764504e+02   1.9848966e+01  -2.1741369e+02   1.0000000e+00
   3.9774971e+02   1.9766591e+01  -2.1747486e+02   1.0000000e+00
   3.9784449e+02   1.9685736e+01  -2.1754054e+02   1.0000000e+00
   3.9792926e+02   1.9606284e+01  -2.1760906e+02   1.0000000e+00
   3.9800368e+02   1.9528093e+01  -2.1767842e+02   1.0000000e+00
   3.9806725e+02   1.9451151e+01  -2.1774649e+02   1.0000000e+00
   3.9811960e+02   1.9375699e+01  -2.1781115e+02   1.0000000e+00
   3.9816065e+02   1.9302306e+01  -2.1787052e+02   1.0000000e+00
   3.9819091e+02   1.9231876e+01  -2.1792306e+02   1.0000000e+00
   3.9821176e+02   1.9165575e+01  -2.1796772e+02   1.0000000e+00
   3.9822558e+02   1.9104712e+01  -2.1800397e+02   1.0000000e+00
   3.9823591e+02   1.9050526e+01  -2.1803176e+02   1.0000000e+00
   3.9824739e+02   1.9003924e+01  -2.1805143e+02   1.0000000e+00
   3.9826558e+02   1.8965251e+01  -2.1806352e+02   1.0000000e+00
   3.9829671e+02   1.8934010e+01  -2.1806858e+02   1.0000000e+00
   3.9834727e+02   1.8908640e+01  -2.1806705e+02   1.0000000e+00
   3.9842348e+02   1.8886363e+01  -2.1805902e+02   1.0000000e+00
   3.9853082e+02   1.8863161e+01  -2.1804427e+02   1.0000000e+00
   3.9867338e+02   1.8833874e+01  -2.1802223e+02   1.0000000e+00
   3.9885335e+02   1.8792466e+01  -2.1799211e+02   1.0000000e+00
   3.9907052e+02   1.8732489e+01  -2.1795301e+02   1.0000000e+00
   3.9932192e+02   1.8647627e+01  -2.1790409e+02   1.0000000e+00
   3.9960169e+02   1.8532374e+01  -2.1784471e+02   1.0000000e+00
   3.9990128e+02   1.8382623e+01  -2.1777444e+02   1.0000000e+00
   4.0021003e+02   1.8196103e+01  -2.1769308e+02   1.0000000e+00
   4.0051632e+02   1.7972495e+01  -2.1760051e+02   1.0000000e+00
   4.0080912e+02   1.7713225e+01  -2.1749658e+02   1.0000000e+00
   4.0107996e+02   1.7420930e+01  -2.1738094e+02   1.0000000e+00
   4.0132492e+02   1.7098839e+01  -2.1725309e+02   1.0000000e+00
   4.0154635e+02   1.6750509e+01  -2.1711242e+02   1.0000000e+00
   4.0175379e+02   1.6380302e+01  -2.1695851e+02   1.0000000e+00
   4.0196396e+02   1.5995300e+01  -2.1679136e+02   1.0000000e+00
   4.0220034e+02   1.5608993e+01  -2.1661135e+02   1.0000000e+00
   4.0249337e+02   1.5246798e+01  -2.1641875e+02   1.0000000e+00
   4.0288328e+02   1.4952496e+01  -2.1621257e+02   1.0000000e+00
   4.0342721e+02   1.4793090e+01  -2.1598886e+02   1.0000000e+00
   4.0421037e+02   1.4857807e+01  -2.1573874e+02   1.0000000e+00
   4.0535725e+02   1.5246910e+01  -2.1544698e+02   1.0000000e+00
   4.0703519e+02   1.6049526e+01  -2.1509178e+02   1.0000000e+00
   4.0944306e+02   1.7316988e+01  -2.1464649e+02   1.0000000e+00
   4.1278536e+02   1.9043937e+01  -2.1408341e+02   1.0000000e+00
   4.1724147e+02   2.1167125e+01  -2.1337839e+02   1.0000000e+00
   4.2294319e+02   2.3581548e+01  -2.1251488e+02   1.0000000e+00
   4.2996703e+02   2.6164296e+01  -2.1148634e+02   1.0000000e+00
   4.3833876e+02   2.8795845e+01  -2.1029680e+02   1.0000000e+00
   4.4804347e+02   3.1373679e+01  -2.0896023e+02   1.0000000e+00
   4.5903584e+02   3.3818357e+01  -2.0749933e+02   1.0000000e+00
   4.7124835e+02   3.6074343e+01  -2.0594400e+02   1.0000000e+00
   4.8459722e+02   3.8107902e+01  -2.0432967e+02   1.0000000e+00
   4.9898702e+02   3.9903546e+01  -2.0269535e+02   1.0000000e+00
   5.1431461e+02   4.1459926e+01  -2.0108150e+02   1.0000000e+00
   5.3047308e+02   4.2785735e+01  -1.9952764e+02   1.0000000e+00
   5.4735582e+02   4.3895946e+01  -1.9807012e+02   1.0000000e+00
   5.6486043e+02   4.4808677e+01  -1.9673994e+02   1.0000000e+00
   5.8289229e+02   4.5542842e+01  -1.9556121e+02   1.0000000e+00
   6.0136718e+02   4.6116551e+01  -1.9455016e+02   1.0000000e+00
   6.2021287e+02   4.6546206e+01  -1.9371489e+02   1.0000000e+00
   6.3936940e+02   4.6846036e+01  -1.9305565e+02   1.0000000e+00
   6.5878837e+02   4.7027959e+01  -1.9256570e+02   1.0000000e+00
   6.7843144e+02   4.7101590e+01  -1.9223239e+02   1.0000000e+00
   6.9826845e+02   4.7074331e+01  -1.9203850e+02   1.0000000e+00
   7.1827551e+02   4.6951567e+01  -1.9196364e+02   1.0000000e+00
   7.3843333e+02   4.6736919e+01  -1.9198570e+02   1.0000000e+00
   7.5872599e+02   4.6432650e+01  -1.9208214e+02   1.0000000e+00
   7.7914010e+02   4.6040158e+01  -1.9223135e+02   1.0000000e+00
   7.9966440e+02   4.5560574e+01  -1.9241374e+02   1.0000000e+00
   8.2028969e+02   4.4995455e+01  -1.9261261e+02   1.0000000e+00
   8.4100886e+02   4.4347509e+01  -1.9281487e+02   1.0000000e+00
   8.6181696e+02   4.3621290e+01  -1.9301128e+02   1.0000000e+00
   8.8271121e+02   4.2823807e+01  -1.9319652e+02   1.0000000e+00
   9.0369079e+02   4.1964991e+01  -1.9336876e+02   1.0000000e+00
   9.2475645e+02   4.1058014e+01  -1.9352908e+02   1.0000000e+00
   9.4590985e+02   4.0119266e+01  -1.9368057e+02   1.0000000e+00
   9.6715299e+02   3.9168297e+01  -1.9382741e+02   1.0000000e+00
   9.8848728e+02   3.8227453e+01  -1.9397386e+02   1.0000000e+00
   1.0099129e+03   3.7321455e+01  -1.9412342e+02   1.0000000e+00
   1.0314280e+03   3.6476782e+01  -1.9427826e+02   1.0000000e+00
   1.0530283e+03   3.5721075e+01  -1.9443891e+02   1.0000000e+00
   1.0747066e+03   3.5082563e+01  -1.9460433e+02   1.0000000e+00
   1.0964527e+03   3.4589318e+01  -1.9477230e+02   1.0000000e+00
   1.1182534e+03   3.4268950e+01  -1.9494026e+02   1.0000000e+00
   1.1400920e+03   3.4147844e+01  -1.9510616e+02   1.0000000e+00
   1.1619492e+03   3.4250995e+01  -1.9526970e+02   1.0000000e+00
   1.1838024e+03   3.4601549e+01  -1.9543334e+02   1.0000000e+00
   1.2056263e+03   3.5220546e+01  -1.9560329e+02   1.0000000e+00
   1.2273928e+03   3.6126581e+01  -1.9579010e+02   1.0000000e+00
   1.2490712e+03   3.7335665e+01  -1.9600894e+02   1.0000000e+00
   1.2706279e+03   3.8860808e+01  -1.9627926e+02   1.0000000e+00
   1.2920272e+03   4.0711751e+01  -1.9662404e+02   1.0000000e+00
   1.3132308e+03   4.2894561e+01  -1.9706847e+02   1.0000000e+00
   1.3341984e+03   4.5411077e+01  -1.9763822e+02   1.0000000e+00
   1.3548876e+03   4.8258436e+01  -1.9835751e+02   1.0000000e+00
   1.3752547e+03   5.1428423e+01  -1.9924693e+02   1.0000000e+00
   1.3952547e+03   5.4906694e+01  -2.0032141e+02   1.0000000e+00
   1.4148421e+03   5.8672171e+01  -2.0158838e+02   1.0000000e+00
   1.4339720e+03   6.2696409e+01  -2.0304645e+02   1.0000000e+00
   1.4526002e+03   6.6943056e+01  -2.0468457e+02   1.0000000e+00
   1.4706852e+03   7.1367683e+01  -2.0648204e+02   1.0000000e+00
   1.4881885e+03   7.5917722e+01  -2.0840916e+02   1.0000000e+00
   1.5050764e+03   8.0533015e+01  -2.1042874e+02   1.0000000e+00
   1.5213206e+03   8.5146504e+01  -2.1249823e+02   1.0000000e+00
   1.5368992e+03   8.9685409e+01  -2.1457243e+02   1.0000000e+00
   1.5517974e+03   9.4072631e+01  -2.1660637e+02   1.0000000e+00
   1.5660075e+03   9.8228557e+01  -2.1855834e+02   1.0000000e+00
   1.5795288e+03   1.0207302e+02  -2.2039256e+02   1.0000000e+00
   1.5923672e+03   1.0552755e+02  -2.2208130e+02   1.0000000e+00
   1.6045350e+03   1.0851792e+02  -2.2360636e+02   1.0000000e+00
   1.6160492e+03   1.1097706e+02  -2.2495952e+02   1.0000000e+00
   1.6269313e+03   1.1284816e+02  -2.2614233e+02   1.0000000e+00
   1.6372056e+03   1.1408790e+02  -2.2716491e+02   1.0000000e+00
   1.6468975e+03   1.1466980e+02  -2.2804425e+02   1.0000000e+00
   1.6560327e+03   1.1458694e+02  -2.2880199e+02   1.0000000e+00
   1.6646345e+03   1.1385458e+02  -2.2946208e+02   1.0000000e+00
   1.6727225e+03   1.1251139e+02  -2.3004840e+02   1.0000000e+00
   1.6803108e+03   1.1061980e+02  -2.3058271e+02   1.0000000e+00
   1.6874065e+03   1.0826460e+02  -2.3108287e+02   1.0000000e+00
   1.6940089e+03   1.0555000e+02  -2.3156173e+02   1.0000000e+00
   1.7001091e+03   1.0259510e+02  -2.3202651e+02   1.0000000e+00
   1.7056913e+03   9.9527592e+01  -2.3247886e+02   1.0000000e+00
   1.7107346e+03   9.6476212e+01  -2.3291550e+02   1.0000000e+00
   1.7152157e+03   9.3562775e+01  -2.3332943e+02   1.0000000e+00
