  -1.1423530e+01   5.7214291e+01  -5.1410350e+01   2.4139079e+02   6.9339281e+01  -1.8645459e+02
  -1.3037922e+01   5.7175661e+01  -5.0938886e+01   2.4415271e+02   6.6515111e+01  -1.8702689e+02
  -1.4650244e+01   5.7113745e+01  -5.0479200e+01   2.4687893e+02   6.3749232e+01  -1.8758628e+02
  -1.6260544e+01   5.7036058e+01  -5.0032516e+01   2.4954060e+02   6.1084915e+01  -1.8811268e+02
  -1.7870391e+01   5.6952145e+01  -4.9600482e+01   2.5211137e+02   5.8558232e+01  -1.8858606e+02
  -1.9481558e+01   5.6873037e+01  -4.9185561e+01   2.5456751e+02   5.6196457e+01  -1.8898765e+02
  -2.1094976e+01   5.6810529e+01  -4.8791235e+01   2.5688826e+02   5.4017237e+01  -1.8930113e+02
  -2.2709998e+01   5.6776314e+01  -4.8421931e+01   2.5905637e+02   5.2028599e+01  -1.8951379e+02
  -2.4323945e+01   5.6780989e+01  -4.8082724e+01   2.6105873e+02   5.0229727e+01  -1.8961752e+02
  -2.5931797e+01   5.6833019e+01  -4.7778847e+01   2.6288692e+02   4.8612406e+01  -1.8960960e+02
  -2.7526001e+01   5.6937759e+01  -4.7515093e+01   2.6453749e+02   4.7162938e+01  -1.8949311e+02
  -2.9096385e+01   5.7096668e+01  -4.7295235e+01   2.6601191e+02   4.5864288e+01  -1.8927702e+02
  -3.0630196e+01   5.7306866e+01  -4.7121515e+01   2.6731609e+02   4.4698230e+01  -1.8897577e+02
  -3.2112372e+01   5.7561092e+01  -4.6994360e+01   2.6845954e+02   4.3647258e+01  -1.8860839e+02
  -3.3526103e+01   5.7848153e+01  -4.6912298e+01   2.6945444e+02   4.2696070e+01  -1.8819725e+02
  -3.4853714e+01   5.8153819e+01  -4.6872127e+01   2.7031455e+02   4.1832496e+01  -1.8776637e+02
  -3.6077854e+01   5.8462103e+01  -4.6869246e+01   2.7105420e+02   4.1047838e+01  -1.8733966e+02
  -3.7182879e+01   5.8756737e+01  -4.6898103e+01   2.7168754e+02   4.0336635e+01  -1.8693911e+02
  -3.8156236e+01   5.9022697e+01  -4.6952647e+01   2.7222790e+02   3.9696000e+01  -1.8658323e+02
  -3.8989680e+01   5.9247525e+01  -4.7026759e+01   2.7268749e+02   3.9124686e+01  -1.8628587e+02
  -3.9680096e+01   5.9422304e+01  -4.7114579e+01   2.7307723e+02   3.8622076e+01  -1.8605567e+02
  -4.0229837e+01   5.9542176e+01  -4.7210758e+01   2.7340677e+02   3.8187278e+01  -1.8589593e+02
  -4.0646547e+01   5.9606410e+01  -4.7310616e+01   2.7368456e+02   3.7818428e+01  -1.8580508e+02
  -4.0942487e+01   5.9618042e+01  -4.7410247e+01   2.7391800e+02   3.7512288e+01  -1.8577746e+02
  -4.1133523e+01   5.9583231e+01  -4.7506564e+01   2.7411359e+02   3.7264132e+01  -1.8580435e+02
  -4.1237887e+01   5.9510413e+01  -4.7597314e+01   2.7427698e+02   3.7067886e+01  -1.8587501e+02
  -4.1274849e+01   5.9409372e+01  -4.7681037e+01   2.7441315e+02   3.6916461e+01  -1.8597777e+02
  -4.1263456e+01   5.9290322e+01  -4.7756994e+01   2.7452642e+02   3.6802211e+01  -1.8610098e+02
  -4.1221412e+01   5.9163079e+01  -4.7825049e+01   2.7462053e+02   3.6717421e+01  -1.8623378e+02
  -4.1164220e+01   5.9036393e+01  -4.7885524e+01   2.7469869e+02   3.6654781e+01  -1.8636676e+02
  -4.1104583e+01   5.8917469e+01  -4.7939041e+01   2.7476364e+02   3.6607765e+01  -1.8649231e+02
  -4.1052116e+01   5.8811689e+01  -4.7986375e+01   2.7481767e+02   3.6570899e+01  -1.8660485e+02
  -4.1013333e+01   5.8722544e+01  -4.8028324e+01   2.7486268e+02   3.6539885e+01  -1.8670085e+02
  -4.0991861e+01   5.8651725e+01  -4.8065603e+01   2.7490026e+02   3.6511600e+01  -1.8677863e+02
  -4.0988830e+01   5.8599355e+01  -4.8098786e+01   2.7493167e+02   3.6483979e+01  -1.8683817e+02
  -4.1003381e+01   5.8564294e+01  -4.8128276e+01   2.7495797e+02   3.6455840e+01  -1.8688068e+02
  -4.1033228e+01   5.8544497e+01  -4.8154320e+01   2.7497999e+02   3.6426651e+01  -1.8690826e+02
  -4.1075198e+01   5.8537364e+01  -4.8177044e+01   2.7499844e+02   3.6396321e+01  -1.8692352e+02
  -4.1125743e+01   5.8540066e+01  -4.8196513e+01   2.7501386e+02   3.6365007e+01  -1.8692918e+02
  -4.1181360e+01   5.8549818e+01  -4.8212804e+01   2.7502669e+02   3.6332987e+01  -1.8692784e+02
  -4.1238926e+01   5.8564088e+01  -4.8226069e+01   2.7503726e+02   3.6300573e+01  -1.8692175e+02
  -4.1295910e+01   5.8580748e+01  -4.8236586e+01   2.7504582e+02   3.6268100e+01  -1.8691273e+02
  -4.1350515e+01   5.8598158e+01  -4.8244795e+01   2.7505256e+02   3.6235934e+01  -1.8690208e+02
  -4.1401705e+01   5.8615200e+01  -4.8251288e+01   2.7505763e+02   3.6204518e+01  -1.8689068e+02
  -4.1449155e+01   5.8631256e+01  -4.8256793e+01   2.7506120e+02   3.6174417e+01  -1.8687906e+02
  -4.1493146e+01   5.8646137e+01  -4.8262126e+01   2.7506350e+02   3.6146349e+01  -1.8686754e+02
  -4.1534420e+01   5.8660001e+01  -4.8268126e+01   2.7506491e+02   3.6121200e+01  -1.8685636e+02
  -4.1574028e+01   5.8673238e+01  -4.8275606e+01   2.7506597e+02   3.6099996e+01  -1.8684584e+02
  -4.1613174e+01   5.8686362e+01  -4.8285295e+01   2.7506744e+02   3.6083846e+01  -1.8683646e+02
  -4.1653096e+01   5.8699912e+01  -4.8297812e+01   2.7507029e+02   3.6073866e+01  -1.8682894e+02
  -4.1694977e+01   5.8714372e+01  -4.8313662e+01   2.7507568e+02   3.6071072e+01  -1.8682427e+02
  -4.1739891e+01   5.8730119e+01  -4.8333252e+01   2.7508490e+02   3.6076295e+01  -1.8682372e+02
  -4.1788779e+01   5.8747386e+01  -4.8356930e+01   2.7509930e+02   3.6090101e+01  -1.8682874e+02
  -4.1842442e+01   5.8766254e+01  -4.8385042e+01   2.7512016e+02   3.6112761e+01  -1.8684093e+02
  -4.1901546e+01   5.8786662e+01  -4.8417980e+01   2.7514865e+02   3.6144264e+01  -1.8686195e+02
  -4.1966634e+01   5.8808425e+01  -4.8456242e+01   2.7518573e+02   3.6184388e+01  -1.8689345e+02
  -4.2038142e+01   5.8831296e+01  -4.8500444e+01   2.7523212e+02   3.6232811e+01  -1.8693705e+02
  -4.2116424e+01   5.8855059e+01  -4.8551324e+01   2.7528829e+02   3.6289240e+01  -1.8699430e+02
  -4.2201802e+01   5.8879637e+01  -4.8609699e+01   2.7535449e+02   3.6353545e+01  -1.8706672e+02
  -4.2294631e+01   5.8905231e+01  -4.8676401e+01   2.7543078e+02   3.6425858e+01  -1.8715585e+02
  -4.2395384e+01   5.8932452e+01  -4.8752196e+01   2.7551714e+02   3.6506627e+01  -1.8726334e+02
  -4.2504778e+01   5.8962451e+01  -4.8837688e+01   2.7561352e+02   3.6596595e+01  -1.8739098e+02
  -4.2623878e+01   5.8996997e+01  -4.8933246e+01   2.7571982e+02   3.6696746e+01  -1.8754079e+02
  -4.2754203e+01   5.9038505e+01  -4.9038952e+01   2.7583596e+02   3.6808197e+01  -1.8771496e+02
  -4.2897785e+01   5.9089992e+01  -4.9154575e+01   2.7596187e+02   3.6932077e+01  -1.8791588e+02
  -4.3057172e+01   5.9154944e+01  -4.9279600e+01   2.7609737e+02   3.7069428e+01  -1.8814599e+02
  -4.3235343e+01   5.9237091e+01  -4.9413294e+01   2.7624219e+02   3.7221133e+01  -1.8840764e+02
  -4.3435555e+01   5.9340123e+01  -4.9554786e+01   2.7639581e+02   3.7387906e+01  -1.8870289e+02
  -4.3661132e+01   5.9467357e+01  -4.9703156e+01   2.7655747e+02   3.7570333e+01  -1.8903330e+02
  -4.3915207e+01   5.9621416e+01  -4.9857505e+01   2.7672611e+02   3.7768961e+01  -1.8939971e+02
  -4.4200466e+01   5.9803928e+01  -5.0016977e+01   2.7690039e+02   3.7984413e+01  -1.8980198e+02
  -4.4518925e+01   6.0015304e+01  -5.0180753e+01   2.7707874e+02   3.8217493e+01  -1.9023883e+02
  -4.4871734e+01   6.0254576e+01  -5.0347993e+01   2.7725953e+02   3.8469295e+01  -1.9070770e+02
  -4.5259075e+01   6.0519369e+01  -5.0517752e+01   2.7744119e+02   3.8741240e+01  -1.9120468e+02
  -4.5680127e+01   6.0805942e+01  -5.0688878e+01   2.7762239e+02   3.9035087e+01  -1.9172447e+02
  -4.6133113e+01   6.1109342e+01  -5.0859912e+01   2.7780222e+02   3.9352888e+01  -1.9226049e+02
  -4.6615426e+01   6.1423623e+01  -5.1029017e+01   2.7798034e+02   3.9696916e+01  -1.9280496e+02
  -4.7123813e+01   6.1742143e+01  -5.1193930e+01   2.7815709e+02   4.0069555e+01  -1.9334914e+02
  -4.7654607e+01   6.2057882e+01  -5.1351970e+01   2.7833350e+02   4.0473214e+01  -1.9388348e+02
  -4.8203989e+01   6.2363785e+01  -5.1500083e+01   2.7851132e+02   4.0910228e+01  -1.9439797e+02
  -4.8768241e+01   6.2653092e+01  -5.1634928e+01   2.7869292e+02   4.1382820e+01  -1.9488238e+02
  -4.9343993e+01   6.2919650e+01  -5.1752998e+01   2.7888117e+02   4.1893080e+01  -1.9532659e+02
  -4.9928432e+01   6.3158156e+01  -5.1850766e+01   2.7907925e+02   4.2443011e+01  -1.9572091e+02
  -5.0519458e+01   6.3364370e+01  -5.1924830e+01   2.7929053e+02   4.3034601e+01  -1.9605638e+02
  -5.1115800e+01   6.3535237e+01  -5.1972075e+01   2.7951841e+02   4.3669926e+01  -1.9632509e+02
  -5.1717063e+01   6.3668970e+01  -5.1989807e+01   2.7976615e+02   4.4351264e+01  -1.9652045e+02
  -5.2323730e+01   6.3765051e+01  -5.1975867e+01   2.8003686e+02   4.5081186e+01  -1.9663748e+02
  -5.2937124e+01   6.3824200e+01  -5.1928718e+01   2.8033347e+02   4.5862604e+01  -1.9667300e+02
  -5.3559327e+01   6.3848272e+01  -5.1847500e+01   2.8065877e+02   4.6698780e+01  -1.9662574e+02
  -5.4193080e+01   6.3840123e+01  -5.1732056e+01   2.8101554e+02   4.7593250e+01  -1.9649647e+02
  -5.4841680e+01   6.3803453e+01  -5.1582921e+01   2.8140671e+02   4.8549698e+01  -1.9628794e+02
  -5.5508884e+01   6.3742625e+01  -5.1401283e+01   2.8183559e+02   4.9571775e+01  -1.9600477e+02
  -5.6198846e+01   6.3662494e+01  -5.1188916e+01   2.8230601e+02   5.0662876e+01  -1.9565326e+02
  -5.6916080e+01   6.3568245e+01  -5.0948091e+01   2.8282263e+02   5.1825916e+01  -1.9524115e+02
  -5.7665475e+01   6.3465266e+01  -5.0681462e+01   2.8339110e+02   5.3063118e+01  -1.9477724e+02
  -5.8452356e+01   6.3359044e+01  -5.0391945e+01   2.8401826e+02   5.4375843e+01  -1.9427108e+02
  -5.9282572e+01   6.3255091e+01  -5.0082583e+01   2.8471224e+02   5.5764493e+01  -1.9373255e+02
  -6.0162608e+01   6.3158876e+01  -4.9756429e+01   2.8548266e+02   5.7228502e+01  -1.9317157e+02
  -6.1099712e+01   6.3075805e+01  -4.9416397e+01   2.8634057e+02   5.8766397e+01  -1.9259768e+02
  -6.2101989e+01   6.3011180e+01  -4.9065129e+01   2.8729856e+02   6.0375965e+01  -1.9201985e+02
  -6.3178482e+01   6.2970190e+01  -4.8704850e+01   2.8837063e+02   6.2054509e+01  -1.9144618e+02
  -6.4339217e+01   6.2957914e+01  -4.8337216e+01   2.8957215e+02   6.3799166e+01  -1.9088379e+02
  -6.5595185e+01   6.2979323e+01  -4.7963177e+01   2.9091963e+02   6.5607320e+01  -1.9033872e+02
  -6.6958285e+01   6.3039310e+01  -4.7582851e+01   2.9243052e+02   6.7477029e+01  -1.8981584e+02
  -6.8441177e+01   6.3142707e+01  -4.7195436e+01   2.9412289e+02   6.9407507e+01  -1.8931887e+02
  -7.0057057e+01   6.3294328e+01  -4.6799152e+01   2.9601517e+02   7.1399561e+01  -1.8885039e+02
  -7.1819317e+01   6.3498991e+01  -4.6391238e+01   2.9812574e+02   7.3455987e+01  -1.8841186e+02
  -7.3741044e+01   6.3761518e+01  -4.5967990e+01   3.0047263e+02   7.5581847e+01  -1.8800366e+02
  -7.5834401e+01   6.4086720e+01  -4.5524846e+01   3.0307320e+02   7.7784619e+01  -1.8762509e+02
  -7.8109708e+01   6.4479200e+01  -4.5056547e+01   3.0594389e+02   8.0074166e+01  -1.8727439e+02
  -8.0574361e+01   6.4943080e+01  -4.4557382e+01   3.0910003e+02   8.2462490e+01  -1.8694868e+02
  -8.3231507e+01   6.5481480e+01  -4.4021583e+01   3.1255589e+02   8.4963278e+01  -1.8664406e+02
  -8.6078554e+01   6.6095815e+01  -4.3443900e+01   3.1632488e+02   8.7591206e+01  -1.8635554e+02
  -8.9105735e+01   6.6784938e+01  -4.2820419e+01   3.2041990e+02   9.0360959e+01  -1.8607730e+02
  -9.2294814e+01   6.7544288e+01  -4.2149579e+01   3.2485401e+02   9.3285988e+01  -1.8580288e+02
  -9.5618286e+01   6.8365189e+01  -4.1433332e+01   3.2964115e+02   9.6376997e+01  -1.8552566e+02
  -9.9039263e+01   6.9234566e+01  -4.0678258e+01   3.3479689e+02   9.9640204e+01  -1.8523936e+02
  -1.0251220e+02   7.0135290e+01  -3.9896371e+01   3.4033898e+02   1.0307553e+02  -1.8493858e+02
  -1.0598452e+02   7.1047183e+01  -3.9105403e+01   3.4628761e+02   1.0667498e+02  -1.8461936e+02
  -1.0939891e+02   7.1948602e+01  -3.8328332e+01   3.5266527e+02   1.1042149e+02  -1.8427930e+02
  -1.1269612e+02   7.2818484e+01  -3.7591977e+01   3.5949613e+02   1.1428876e+02  -1.8391749e+02
  -1.1581777e+02   7.3638463e+01  -3.6924781e+01   3.6680513e+02   1.1824208e+02  -1.8353404e+02
  -1.1870887e+02   7.4394607e+01  -3.6354161e+01   3.7461666e+02   1.2224010e+02  -1.8312952e+02
  -1.2132001e+02   7.5078464e+01  -3.5903944e+01   3.8295323e+02   1.2623690e+02  -1.8270461e+02
  -1.2360908e+02   7.5686761e+01  -3.5592724e+01   3.9183386e+02   1.3018391e+02  -1.8226009e+02
  -1.2554258e+02   7.6220061e+01  -3.5433175e+01   4.0127261e+02   1.3403154e+02  -1.8179709e+02
  -1.2709655e+02   7.6680693e+01  -3.5432199e+01   4.1127715e+02   1.3773053e+02  -1.8131745e+02
  -1.2825704e+02   7.7070770e+01  -3.5591321e+01   4.2184772e+02   1.4123358e+02  -1.8082392e+02
  -1.2902017e+02   7.7390897e+01  -3.5906957e+01   4.3297644e+02   1.4449684e+02  -1.8032029e+02
  -1.2939183e+02   7.7639713e+01  -3.6370509e+01   4.4464727e+02   1.4748160e+02  -1.7981142e+02
  -1.2938700e+02   7.7814252e+01  -3.6968401e+01   4.5683654e+02   1.5015549e+02  -1.7930308e+02
  -1.2902868e+02   7.7910856e+01  -3.7682292e+01   4.6951408e+02   1.5249334e+02  -1.7880180e+02
  -1.2834641e+02   7.7926338e+01  -3.8489699e+01   4.8264486e+02   1.5447753e+02  -1.7831464e+02
  -1.2737441e+02   7.7859069e+01  -3.9365120e+01   4.9619094e+02   1.5609778e+02  -1.7784882e+02
  -1.2614945e+02   7.7709777e+01  -4.0281623e+01   5.1011347e+02   1.5735058e+02  -1.7741149e+02
  -1.2470867e+02   7.7481860e+01  -4.1212695e+01   5.2437465e+02   1.5823829e+02  -1.7700940e+02
  -1.2308748e+02   7.7181235e+01  -4.2134059e+01   5.3893943e+02   1.5876799e+02  -1.7664860e+02
  -1.2131787e+02   7.6815780e+01  -4.3025181e+01   5.5377674e+02   1.5895027e+02  -1.7633422e+02
  -1.1942735e+02   7.6394581e+01  -4.3870233e+01   5.6886035e+02   1.5879802e+02  -1.7607024e+02
  -1.1743852e+02   7.5927187e+01  -4.4658453e+01   5.8416923e+02   1.5832525e+02  -1.7585936e+02
  -1.1536929e+02   7.5422991e+01  -4.5383987e+01   5.9968746e+02   1.5754622e+02  -1.7570289e+02
  -1.1323358e+02   7.4890909e+01  -4.6045245e+01   6.1540387e+02   1.5647465e+02  -1.7560077e+02
  -1.1104236e+02   7.4339258e+01  -4.6644087e+01   6.3131136e+02   1.5512336e+02  -1.7555162e+02
  -1.0880479e+02   7.3775834e+01  -4.7184863e+01   6.4740618e+02   1.5350406e+02  -1.7555296e+02
  -1.0652924e+02   7.3208059e+01  -4.7673524e+01   6.6368710e+02   1.5162743e+02  -1.7560137e+02
  -1.0422410e+02   7.2643104e+01  -4.8116842e+01   6.8015468e+02   1.4950333e+02  -1.7569281e+02
  -1.0189821e+02   7.2087920e+01  -4.8521780e+01   6.9681055e+02   1.4714117e+02  -1.7582288e+02
  -9.9560975e+01   7.1549108e+01  -4.8895048e+01   7.1365695e+02   1.4455023e+02  -1.7598708e+02
  -9.7222080e+01   7.1032735e+01  -4.9242746e+01   7.3069631e+02   1.4174010e+02  -1.7618106e+02
  -9.4891066e+01   7.0544014e+01  -4.9570178e+01   7.4793097e+02   1.3872093e+02  -1.7640072e+02
  -9.2576634e+01   7.0087035e+01  -4.9881677e+01   7.6536310e+02   1.3550373e+02  -1.7664232e+02
  -9.0286057e+01   6.9664554e+01  -5.0180538e+01   7.8299459e+02   1.3210055e+02  -1.7690247e+02
  -8.8024645e+01   6.9277912e+01  -5.0468958e+01   8.0082703e+02   1.2852464e+02  -1.7717812e+02
  -8.5795438e+01   6.8927103e+01  -5.0748075e+01   8.1886174e+02   1.2479059e+02  -1.7746645e+02
  -8.3599177e+01   6.8610997e+01  -5.1018002e+01   8.3709970e+02   1.2091446e+02  -1.7776479e+02
  -8.1434444e+01   6.8327664e+01  -5.1278017e+01   8.5554155e+02   1.1691395e+02  -1.7807058e+02
  -7.9298192e+01   6.8074791e+01  -5.1526745e+01   8.7418742e+02   1.1280848e+02  -1.7838127e+02
  -7.7186245e+01   6.7850157e+01  -5.1762398e+01   8.9303681e+02   1.0861942e+02  -1.7869431e+02
  -7.5094038e+01   6.7652009e+01  -5.1983072e+01   9.1208841e+02   1.0437019e+02  -1.7900725e+02
  -7.3017277e+01   6.7479384e+01  -5.2187009e+01   9.3133982e+02   1.0008631e+02  -1.7931778e+02
  -7.0952455e+01   6.7332198e+01  -5.2372854e+01   9.5078736e+02   9.5795457e+01  -1.7962388e+02
  -6.8897247e+01   6.7211179e+01  -5.2539835e+01   9.7042576e+02   9.1527322e+01  -1.7992400e+02
  -6.6850624e+01   6.7117548e+01  -5.2687878e+01   9.9024787e+02   8.7313417e+01  -1.8021728e+02
  -6.4812619e+01   6.7052478e+01  -5.2817611e+01   1.0102445e+03   8.3186831e+01  -1.8050371e+02
  -6.2784067e+01   6.7016527e+01  -5.2930235e+01   1.0304039e+03   7.9181777e+01  -1.8078435e+02
  -6.0766046e+01   6.7008963e+01  -5.3027296e+01   1.0507118e+03   7.5333125e+01  -1.8106144e+02
  -5.8759235e+01   6.7027198e+01  -5.3110325e+01   1.0711510e+03   7.1675887e+01  -1.8133840e+02
  -5.6763520e+01   6.7066426e+01  -5.3180424e+01   1.0917010e+03   6.8244508e+01  -1.8161980e+02
  -5.4777521e+01   6.7119452e+01  -5.3237832e+01   1.1123380e+03   6.5072207e+01  -1.8191114e+02
  -5.2798315e+01   6.7176743e+01  -5.3281540e+01   1.1330349e+03   6.2190233e+01  -1.8221857e+02
  -5.0821498e+01   6.7226793e+01  -5.3309014e+01   1.1537606e+03   5.9627095e+01  -1.8254838e+02
  -4.8841377e+01   6.7256653e+01  -5.3316091e+01   1.1744809e+03   5.7407807e+01  -1.8290661e+02
  -4.6851477e+01   6.7252646e+01  -5.3297111e+01   1.1951578e+03   5.5553166e+01  -1.8329844e+02
  -4.4845229e+01   6.7201316e+01  -5.3245155e+01   1.2157504e+03   5.4079083e+01  -1.8372771e+02
  -4.2816968e+01   6.7090406e+01  -5.3152601e+01   1.2362147e+03   5.2995935e+01  -1.8419650e+02
  -4.0762919e+01   6.6909879e+01  -5.3011782e+01   1.2565041e+03   5.2308070e+01  -1.8470484e+02
  -3.8682301e+01   6.6652878e+01  -5.2815796e+01   1.2765702e+03   5.2013317e+01  -1.8525064e+02
  -3.6578146e+01   6.6316515e+01  -5.2559322e+01   1.2963626e+03   5.2102648e+01  -1.8582976e+02
  -3.4457923e+01   6.5902335e+01  -5.2239454e+01   1.3158301e+03   5.2559892e+01  -1.8643629e+02
  -3.2333656e+01   6.5416428e+01  -5.1856379e+01   1.3349209e+03   5.3361603e+01  -1.8706308e+02
  -3.0221662e+01   6.4869125e+01  -5.1413866e+01   1.3535834e+03   5.4476978e+01  -1.8770235e+02
  -2.8141680e+01   6.4274303e+01  -5.0919446e+01   1.3717664e+03   5.5868046e+01  -1.8834638e+02
  -2.6115973e+01   6.3648515e+01  -5.0384246e+01   1.3894205e+03   5.7489833e+01  -1.8898825e+02
  -2.4167991e+01   6.3009884e+01  -4.9822463e+01   1.4064981e+03   5.9290857e+01  -1.8962243e+02
  -2.2321174e+01   6.2377071e+01  -4.9250456e+01   1.4229548e+03   6.1213818e+01  -1.9024532e+02
  -2.0597971e+01   6.1768238e+01  -4.8685687e+01   1.4387503e+03   6.3196519e+01  -1.9085560e+02
  -1.9018874e+01   6.1200213e+01  -4.8145412e+01   1.4538493e+03   6.5173233e+01  -1.9145428e+02
  -1.7601808e+01   6.0687713e+01  -4.7645500e+01   1.4682228e+03   6.7076395e+01  -1.9204472e+02
  -1.6361768e+01   6.0242825e+01  -4.7199359e+01   1.4818491e+03   6.8838624e+01  -1.9263228e+02
  -1.5310418e+01   5.9874511e+01  -4.6817168e+01   1.4947148e+03   7.0395201e+01  -1.9322399e+02
  -1.4455964e+01   5.9588440e+01  -4.6505392e+01   1.5068151e+03   7.1686682e+01  -1.9382797e+02
  -1.3802996e+01   5.9386933e+01  -4.6266681e+01   1.5181544e+03   7.2661664e+01  -1.9445277e+02
  -1.3352307e+01   5.9269100e+01  -4.6100051e+01   1.5287456e+03   7.3279482e+01  -1.9510667e+02
  -1.3100700e+01   5.9231135e+01  -4.6001307e+01   1.5386097e+03   7.3512689e+01  -1.9579687e+02
  -1.3040870e+01   5.9266762e+01  -4.5963660e+01   1.5477738e+03   7.3348986e+01  -1.9652870e+02
  -1.3161176e+01   5.9367692e+01  -4.5978414e+01   1.5562695e+03   7.2792590e+01  -1.9730485e+02
  -1.3445610e+01   5.9524180e+01  -4.6035658e+01   1.5641306e+03   7.1864736e+01  -1.9812462e+02
  -1.3873846e+01   5.9725453e+01  -4.6125004e+01   1.5713902e+03   7.0603230e+01  -1.9898351e+02
  -1.4421458e+01   5.9960162e+01  -4.6236178e+01   1.5780781e+03   6.9061022e+01  -1.9987280e+02
  -1.5060505e+01   6.0216739e+01  -4.6359605e+01   1.5842187e+03   6.7303707e+01  -2.0077973e+02
  -1.5760386e+01   6.0483766e+01  -4.6486811e+01   1.5898285e+03   6.5406124e+01  -2.0168781e+02
  -1.6489113e+01   6.0750352e+01  -4.6610752e+01   1.5949163e+03   6.3448100e+01  -2.0257776e+02
  -1.7214867e+01   6.1006505e+01  -4.6725982e+01   1.5994827e+03   6.1509615e+01  -2.0342875e+02
  -1.7907913e+01   6.1243609e+01  -4.6828689e+01   1.6035228e+03   5.9665734e+01  -2.0422001e+02
