   1.3893967e+02   3.7370272e+02  -2.0055349e+02
   1.4582849e+02   3.7247315e+02  -2.0049477e+02
   1.5265306e+02   3.7130388e+02  -2.0045811e+02
   1.5942589e+02   3.7024037e+02  -2.0043649e+02
   1.6616556e+02   3.6931943e+02  -2.0041874e+02
   1.7289255e+02   3.6856628e+02  -2.0038963e+02
   1.7962531e+02   3.6799265e+02  -2.0033036e+02
   1.8637707e+02   3.6759623e+02  -2.0021944e+02
   1.9315355e+02   3.6736140e+02  -2.0003404e+02
   1.9995160e+02   3.6726133e+02  -1.9975160e+02
   2.0675903e+02   3.6726084e+02  -1.9935181e+02
   2.1355522e+02   3.6731997e+02  -1.9881851e+02
   2.2031255e+02   3.6739766e+02  -1.9814165e+02
   2.2699842e+02   3.6745522e+02  -1.9731881e+02
   2.3357745e+02   3.6745926e+02  -1.9635626e+02
   2.4001385e+02   3.6738384e+02  -1.9526929e+02
   2.4627368e+02   3.6721174e+02  -1.9408167e+02
   2.5232670e+02   3.6693477e+02  -1.9282437e+02
   2.5814788e+02   3.6655329e+02  -1.9153338e+02
   2.6371833e+02   3.6607496e+02  -1.9024711e+02
   2.6902574e+02   3.6551302e+02  -1.8900340e+02
   2.7406423e+02   3.6488430e+02  -1.8783663e+02
   2.7883389e+02   3.6420723e+02  -1.8677509e+02
   2.8333977e+02   3.6350004e+02  -1.8583910e+02
   2.8759086e+02   3.6277925e+02  -1.8503984e+02
   2.9159880e+02   3.6205870e+02  -1.8437911e+02
   2.9537670e+02   3.6134892e+02  -1.8384997e+02
   2.9893806e+02   3.6065704e+02  -1.8343808e+02
   3.0229590e+02   3.5998707e+02  -1.8312362e+02
   3.0546221e+02   3.5934039e+02  -1.8288352e+02
   3.0844756e+02   3.5871651e+02  -1.8269377e+02
   3.1126110e+02   3.5811379e+02  -1.8253157e+02
   3.1391067e+02   3.5753018e+02  -1.8237707e+02
   3.1640311e+02   3.5696376e+02  -1.8221471e+02
   3.1874463e+02   3.5641319e+02  -1.8203390e+02
   3.2094119e+02   3.5587784e+02  -1.8182922e+02
   3.2299879e+02   3.5535784e+02  -1.8160005e+02
   3.2492381e+02   3.5485393e+02  -1.8134981e+02
   3.2672309e+02   3.5436717e+02  -1.8108494e+02
   3.2840407e+02   3.5389869e+02  -1.8081371e+02
   3.2997474e+02   3.5344936e+02  -1.8054510e+02
   3.3144360e+02   3.5301965e+02  -1.8028766e+02
   3.3281957e+02   3.5260945e+02  -1.8004873e+02
   3.3411181e+02   3.5221809e+02  -1.7983370e+02
   3.3532967e+02   3.5184443e+02  -1.7964574e+02
   3.3648246e+02   3.5148706e+02  -1.7948562e+02
   3.3757938e+02   3.5114444e+02  -1.7935191e+02
   3.3862936e+02   3.5081514e+02  -1.7924126e+02
   3.3964097e+02   3.5049797e+02  -1.7914892e+02
   3.4062231e+02   3.5019204e+02  -1.7906932e+02
   3.4158096e+02   3.4989674e+02  -1.7899671e+02
   3.4252392e+02   3.4961163e+02  -1.7892575e+02
   3.4345756e+02   3.4933635e+02  -1.7885210e+02
   3.4438766e+02   3.4907038e+02  -1.7877282e+02
   3.4531935e+02   3.4881301e+02  -1.7868670e+02
   3.4625718e+02   3.4856325e+02  -1.7859436e+02
   3.4720507e+02   3.4831984e+02  -1.7849816e+02
   3.4816637e+02   3.4808146e+02  -1.7840191e+02
   3.4914387e+02   3.4784683e+02  -1.7831050e+02
   3.5013981e+02   3.4761496e+02  -1.7822930e+02
   3.5115592e+02   3.4738533e+02  -1.7816364e+02
   3.5219353e+02   3.4715797e+02  -1.7811828e+02
   3.5325358e+02   3.4693355e+02  -1.7809691e+02
   3.5433679e+02   3.4671333e+02  -1.7810186e+02
   3.5544372e+02   3.4649897e+02  -1.7813392e+02
   3.5657495e+02   3.4629242e+02  -1.7819233e+02
   3.5773121e+02   3.4609561e+02  -1.7827492e+02
   3.5891357e+02   3.4591027e+02  -1.7837834e+02
   3.6012363e+02   3.4573771e+02  -1.7849843e+02
   3.6136375e+02   3.4557867e+02  -1.7863055e+02
   3.6263728e+02   3.4543325e+02  -1.7876997e+02
   3.6394871e+02   3.4530088e+02  -1.7891226e+02
   3.6530376e+02   3.4518036e+02  -1.7905354e+02
   3.6670947e+02   3.4506991e+02  -1.7919077e+02
   3.6817406e+02   3.4496729e+02  -1.7932184e+02
   3.6970684e+02   3.4486989e+02  -1.7944555e+02
   3.7131794e+02   3.4477489e+02  -1.7956155e+02
   3.7301802e+02   3.4467933e+02  -1.7967007e+02
   3.7481790e+02   3.4458027e+02  -1.7977156e+02
   3.7672818e+02   3.4447489e+02  -1.7986639e+02
   3.7875890e+02   3.4436056e+02  -1.7995436e+02
   3.8091915e+02   3.4423496e+02  -1.8003442e+02
   3.8321680e+02   3.4409604e+02  -1.8010436e+02
   3.8565831e+02   3.4394211e+02  -1.8016072e+02
   3.8824859e+02   3.4377187e+02  -1.8019879e+02
   3.9099102e+02   3.4358436e+02  -1.8021281e+02
   3.9388753e+02   3.4337907e+02  -1.8019632e+02
   3.9693879e+02   3.4315592e+02  -1.8014258e+02
   4.0014446e+02   3.4291526e+02  -1.8004512e+02
   4.0350350e+02   3.4265789e+02  -1.7989821e+02
   4.0701450e+02   3.4238497e+02  -1.7969733e+02
   4.1067603e+02   3.4209799e+02  -1.7943953e+02
   4.1448697e+02   3.4179857e+02  -1.7912355e+02
   4.1844686e+02   3.4148840e+02  -1.7874992e+02
   4.2255623e+02   3.4116897e+02  -1.7832070e+02
   4.2681692e+02   3.4084145e+02  -1.7783925e+02
   4.3123238e+02   3.4050639e+02  -1.7730971e+02
   4.3580807e+02   3.4016364e+02  -1.7673657e+02
   4.4055170e+02   3.3981206e+02  -1.7612414e+02
   4.4547364e+02   3.3944949e+02  -1.7547608e+02
   4.5058707e+02   3.3907260e+02  -1.7479501e+02
   4.5590817e+02   3.3867693e+02  -1.7408218e+02
   4.6145608e+02   3.3825692e+02  -1.7333735e+02
   4.6725263e+02   3.3780610e+02  -1.7255861e+02
   4.7332186e+02   3.3731741e+02  -1.7174249e+02
   4.7968918e+02   3.3678356e+02  -1.7088407e+02
   4.8638036e+02   3.3619759e+02  -1.6997719e+02
   4.9342021e+02   3.3555344e+02  -1.6901483e+02
   5.0083116e+02   3.3484663e+02  -1.6798957e+02
   5.0863183e+02   3.3407496e+02  -1.6689412e+02
   5.1683563e+02   3.3323910e+02  -1.6572203e+02
   5.2544975e+02   3.3234320e+02  -1.6446848e+02
   5.3447444e+02   3.3139518e+02  -1.6313113e+02
   5.4390283e+02   3.3040688e+02  -1.6171101e+02
   5.5372125e+02   3.2939390e+02  -1.6021326e+02
   5.6391012e+02   3.2837510e+02  -1.5864777e+02
   5.7444517e+02   3.2737180e+02  -1.5702949e+02
   5.8529900e+02   3.2640681e+02  -1.5537838e+02
   5.9644270e+02   3.2550317e+02  -1.5371895e+02
   6.0784750e+02   3.2468309e+02  -1.5207939e+02
   6.1948608e+02   3.2396684e+02  -1.5049026e+02
   6.3133367e+02   3.2337191e+02  -1.4898306e+02
   6.4336878e+02   3.2291230e+02  -1.4758877e+02
   6.5557349e+02   3.2259798e+02  -1.4633645e+02
   6.6793352e+02   3.2243446e+02  -1.4525229e+02
   6.8043781e+02   3.2242257e+02  -1.4435876e+02
   6.9307801e+02   3.2255855e+02  -1.4367403e+02
   7.0584760e+02   3.2283449e+02  -1.4321142e+02
   7.1874102e+02   3.2323916e+02  -1.4297885e+02
   7.3175267e+02   3.2375919e+02  -1.4297841e+02
   7.4487611e+02   3.2438048e+02  -1.4320587e+02
   7.5810326e+02   3.2508970e+02  -1.4365054e+02
   7.7142399e+02   3.2587560e+02  -1.4429546e+02
   7.8482591e+02   3.2672990e+02  -1.4511810e+02
   7.9829449e+02   3.2764771e+02  -1.4609156e+02
   8.1181347e+02   3.2862731e+02  -1.4718620e+02
   8.2536542e+02   3.2966947e+02  -1.4837149e+02
   8.3893249e+02   3.3077642e+02  -1.4961785e+02
   8.5249708e+02   3.3195073e+02  -1.5089832e+02
   8.6604252e+02   3.3319418e+02  -1.5218979e+02
   8.7955351e+02   3.3450697e+02  -1.5347377e+02
   8.9301656e+02   3.3588720e+02  -1.5473672e+02
   9.0642003e+02   3.3733070e+02  -1.5596987e+02
   9.1975425e+02   3.3883117e+02  -1.5716879e+02
   9.3301127e+02   3.4038062e+02  -1.5833260e+02
   9.4618468e+02   3.4196982e+02  -1.5946316e+02
   9.5926923e+02   3.4358898e+02  -1.6056417e+02
   9.7226045e+02   3.4522822e+02  -1.6164024e+02
   9.8515425e+02   3.4687810e+02  -1.6269614e+02
   9.9794644e+02   3.4852994e+02  -1.6373612e+02
   1.0106324e+03   3.5017598e+02  -1.6476344e+02
   1.0232067e+03   3.5180942e+02  -1.6578003e+02
   1.0356629e+03   3.5342427e+02  -1.6678631e+02
   1.0479933e+03   3.5501517e+02  -1.6778126e+02
   1.0601892e+03   3.5657704e+02  -1.6876260e+02
   1.0722406e+03   3.5810481e+02  -1.6972703e+02
   1.0841371e+03   3.5959316e+02  -1.7067066e+02
   1.0958676e+03   3.6103642e+02  -1.7158941e+02
   1.1074213e+03   3.6242852e+02  -1.7247942e+02
   1.1187876e+03   3.6376311e+02  -1.7333742e+02
   1.1299573e+03   3.6503376e+02  -1.7416111e+02
   1.1409225e+03   3.6623421e+02  -1.7494932e+02
   1.1516774e+03   3.6735867e+02  -1.7570226e+02
   1.1622185e+03   3.6840210e+02  -1.7642154e+02
   1.1725452e+03   3.6936043e+02  -1.7711015e+02
   1.1826596e+03   3.7023078e+02  -1.7777236e+02
   1.1925671e+03   3.7101156e+02  -1.7841354e+02
   1.2022758e+03   3.7170257e+02  -1.7903996e+02
   1.2117968e+03   3.7230505e+02  -1.7965853e+02
   1.2211433e+03   3.7282163e+02  -1.8027659e+02
   1.2303305e+03   3.7325630e+02  -1.8090163e+02
   1.2393748e+03   3.7361439e+02  -1.8154113e+02
   1.2482928e+03   3.7390248e+02  -1.8220234e+02
   1.2571010e+03   3.7412835e+02  -1.8289207e+02
   1.2658146e+03   3.7430084e+02  -1.8361657e+02
   1.2744469e+03   3.7442969e+02  -1.8438128e+02
   1.2830085e+03   3.7452531e+02  -1.8519063e+02
   1.2915073e+03   3.7459841e+02  -1.8604773e+02
   1.2999482e+03   3.7465956e+02  -1.8695409e+02
   1.3083329e+03   3.7471867e+02  -1.8790926e+02
   1.3166609e+03   3.7478430e+02  -1.8891043e+02
   1.3249300e+03   3.7486312e+02  -1.8995218e+02
   1.3331376e+03   3.7495919e+02  -1.9102623e+02
   1.3412822e+03   3.7507352e+02  -1.9212144e+02
   1.3493647e+03   3.7520365e+02  -1.9322400e+02
   1.3573902e+03   3.7534354e+02  -1.9431798e+02
   1.3653691e+03   3.7548366e+02  -1.9538607e+02
   1.3733177e+03   3.7561138e+02  -1.9641066e+02
   1.3812586e+03   3.7571170e+02  -1.9737497e+02
   1.3892197e+03   3.7576811e+02  -1.9826430e+02
   1.3972327e+03   3.7576369e+02  -1.9906707e+02
   1.4053299e+03   3.7568236e+02  -1.9977567e+02
   1.4135414e+03   3.7551004e+02  -2.0038688e+02
   1.4218898e+03   3.7523582e+02  -2.0090196e+02
   1.4303865e+03   3.7485300e+02  -2.0132626e+02
   1.4390264e+03   3.7435987e+02  -2.0166850e+02
   1.4477841e+03   3.7376033e+02  -2.0193978e+02
   1.4566105e+03   3.7306408e+02  -2.0215249e+02
   1.4654317e+03   3.7228652e+02  -2.0231915e+02
   1.4741493e+03   3.7144823e+02  -2.0245144e+02
   1.4826437e+03   3.7057406e+02  -2.0255942e+02
   1.4907792e+03   3.6969169e+02  -2.0265101e+02
   1.4984128e+03   3.6882996e+02  -2.0273179e+02
   1.5054044e+03   3.6801684e+02  -2.0280504e+02
   1.9444360e+02   6.7604528e+01  -1.7492722e+02
   1.9725679e+02   6.6048363e+01  -1.7515252e+02
   2.0003589e+02   6.4547699e+01  -1.7536101e+02
   2.0276003e+02   6.3148902e+01  -1.7553349e+02
   2.0540993e+02   6.1889490e+01  -1.7565281e+02
   2.0796755e+02   6.0795518e+01  -1.7570513e+02
   2.1041610e+02   5.9880262e+01  -1.7568100e+02
   2.1274040e+02   5.9144314e+01  -1.7557592e+02
   2.1492758e+02   5.8576930e+01  -1.7539059e+02
   2.1696784e+02   5.8158363e+01  -1.7513058e+02
   2.1885502e+02   5.7862798e+01  -1.7480579e+02
   2.2058684e+02   5.7661501e+01  -1.7442951e+02
   2.2216472e+02   5.7525826e+01  -1.7401742e+02
   2.2359318e+02   5.7429777e+01  -1.7358646e+02
   2.2487908e+02   5.7351910e+01  -1.7315372e+02
   2.2603080e+02   5.7276454e+01  -1.7273541e+02
   2.2705744e+02   5.7193627e+01  -1.7234599e+02
   2.2796827e+02   5.7099250e+01  -1.7199741e+02
   2.2877238e+02   5.6993787e+01  -1.7169870e+02
   2.2947850e+02   5.6881053e+01  -1.7145568e+02
   2.3009509e+02   5.6766788e+01  -1.7127107e+02
   2.3063036e+02   5.6657321e+01  -1.7114466e+02
   2.3109245e+02   5.6558446e+01  -1.7107373e+02
   2.3148945e+02   5.6474642e+01  -1.7105356e+02
   2.3182940e+02   5.6408625e+01  -1.7107788e+02
   2.3212021e+02   5.6361252e+01  -1.7113938e+02
   2.3236944e+02   5.6331698e+01  -1.7123016e+02
   2.3258417e+02   5.6317847e+01  -1.7134210e+02
   2.3277078e+02   5.6316782e+01  -1.7146719e+02
   2.3293481e+02   5.6325291e+01  -1.7159787e+02
   2.3308086e+02   5.6340314e+01  -1.7172730e+02
   2.3321259e+02   5.6359258e+01  -1.7184962e+02
   2.3333277e+02   5.6380175e+01  -1.7196015e+02
   2.3344341e+02   5.6401794e+01  -1.7205551e+02
   2.3354594e+02   5.6423437e+01  -1.7213368e+02
   2.3364132e+02   5.6444868e+01  -1.7219399e+02
   2.3373025e+02   5.6466102e+01  -1.7223695e+02
   2.3381325e+02   5.6487237e+01  -1.7226404e+02
   2.3389078e+02   5.6508332e+01  -1.7227744e+02
   2.3396325e+02   5.6529356e+01  -1.7227975e+02
   2.3403106e+02   5.6550211e+01  -1.7227369e+02
   2.3409459e+02   5.6570820e+01  -1.7226185e+02
   2.3415420e+02   5.6591246e+01  -1.7224655e+02
   2.3421022e+02   5.6611819e+01  -1.7222972e+02
   2.3426304e+02   5.6633241e+01  -1.7221287e+02
   2.3431311e+02   5.6656628e+01  -1.7219719e+02
   2.3436103e+02   5.6683498e+01  -1.7218357e+02
   2.3440761e+02   5.6715670e+01  -1.7217275e+02
   2.3445390e+02   5.6755121e+01  -1.7216544e+02
   2.3450122e+02   5.6803787e+01  -1.7216239e+02
   2.3455116e+02   5.6863368e+01  -1.7216445e+02
   2.3460541e+02   5.6935152e+01  -1.7217264e+02
   2.3466574e+02   5.7019895e+01  -1.7218804e+02
   2.3473378e+02   5.7117794e+01  -1.7221188e+02
   2.3481089e+02   5.7228529e+01  -1.7224536e+02
   2.3489799e+02   5.7351390e+01  -1.7228975e+02
   2.3499546e+02   5.7485453e+01  -1.7234631e+02
   2.3510310e+02   5.7629773e+01  -1.7241638e+02
   2.3522012e+02   5.7783565e+01  -1.7250149e+02
   2.3534525e+02   5.7946340e+01  -1.7260347e+02
   2.3547685e+02   5.8118000e+01  -1.7272466e+02
   2.3561315e+02   5.8298861e+01  -1.7286797e+02
   2.3575243e+02   5.8489645e+01  -1.7303703e+02
   2.3589318e+02   5.8691431e+01  -1.7323610e+02
   2.3603429e+02   5.8905592e+01  -1.7347003e+02
   2.3617508e+02   5.9133737e+01  -1.7374391e+02
   2.3631531e+02   5.9377660e+01  -1.7406278e+02
   2.3645517e+02   5.9639314e+01  -1.7443119e+02
   2.3659510e+02   5.9920792e+01  -1.7485267e+02
   2.3673570e+02   6.0224325e+01  -1.7532934e+02
   2.3687764e+02   6.0552282e+01  -1.7586143e+02
   2.3702156e+02   6.0907160e+01  -1.7644703e+02
   2.3716806e+02   6.1291572e+01  -1.7708193e+02
   2.3731785e+02   6.1708226e+01  -1.7775961e+02
   2.3747181e+02   6.2159901e+01  -1.7847136e+02
   2.3763126e+02   6.2649410e+01  -1.7920657e+02
   2.3779815e+02   6.3179575e+01  -1.7995311e+02
   2.3797524e+02   6.3753186e+01  -1.8069774e+02
   2.3816623e+02   6.4372975e+01  -1.8142655e+02
   2.3837579e+02   6.5041581e+01  -1.8212542e+02
   2.3860949e+02   6.5761541e+01  -1.8278045e+02
   2.3887351e+02   6.6535279e+01  -1.8337827e+02
   2.3917440e+02   6.7365118e+01  -1.8390644e+02
   2.3951867e+02   6.8253304e+01  -1.8435370e+02
   2.3991242e+02   6.9202046e+01  -1.8471029e+02
   2.4036094e+02   7.0213572e+01  -1.8496816e+02
   2.4086854e+02   7.1290190e+01  -1.8512121e+02
   2.4143837e+02   7.2434344e+01  -1.8516555e+02
   2.4207241e+02   7.3648661e+01  -1.8509963e+02
   2.4277173e+02   7.4935960e+01  -1.8492437e+02
   2.4353667e+02   7.6299241e+01  -1.8464325e+02
   2.4436737e+02   7.7741630e+01  -1.8426222e+02
   2.4526416e+02   7.9266308e+01  -1.8378956e+02
   2.4622807e+02   8.0876419e+01  -1.8323558e+02
   2.4726138e+02   8.2574993e+01  -1.8261227e+02
   2.4836802e+02   8.4364880e+01  -1.8193281e+02
   2.4955405e+02   8.6248716e+01  -1.8121112e+02
   2.5082803e+02   8.8228911e+01  -1.8046128e+02
   2.5220133e+02   9.0307666e+01  -1.7969714e+02
   2.5368841e+02   9.2487006e+01  -1.7893185e+02
   2.5530699e+02   9.4768834e+01  -1.7817748e+02
   2.5707810e+02   9.7154985e+01  -1.7744476e+02
   2.5902606e+02   9.9647288e+01  -1.7674274e+02
   2.6117819e+02   1.0224761e+02  -1.7607862e+02
   2.6356437e+02   1.0495789e+02  -1.7545758e+02
   2.6621641e+02   1.0778011e+02  -1.7488266e+02
   2.6916711e+02   1.1071628e+02  -1.7435468e+02
   2.7244918e+02   1.1376831e+02  -1.7387234e+02
   2.7609405e+02   1.1693790e+02  -1.7343224e+02
   2.8013058e+02   1.2022640e+02  -1.7302910e+02
   2.8458388e+02   1.2363456e+02  -1.7265607e+02
   2.8947431e+02   1.2716233e+02  -1.7230508e+02
   2.9481680e+02   1.3080858e+02  -1.7196738e+02
   3.0062042e+02   1.3457077e+02  -1.7163410e+02
   3.0688838e+02   1.3844456e+02  -1.7129692e+02
   3.1361839e+02   1.4242340e+02  -1.7094881e+02
   3.2080328e+02   1.4649807e+02  -1.7058463e+02
   3.2843183e+02   1.5065620e+02  -1.7020173e+02
   3.3648973e+02   1.5488184e+02  -1.6980024e+02
   3.4496068e+02   1.5915513e+02  -1.6938320e+02
   3.5382732e+02   1.6345210e+02  -1.6895631e+02
   3.6307223e+02   1.6774471e+02  -1.6852750e+02
   3.7267870e+02   1.7200117e+02  -1.6810619e+02
   3.8263133e+02   1.7618646e+02  -1.6770245e+02
   3.9291642e+02   1.8026324e+02  -1.6732603e+02
   4.0352207e+02   1.8419286e+02  -1.6698556e+02
   4.1443810e+02   1.8793654e+02  -1.6668775e+02
   4.2565571e+02   1.9145659e+02  -1.6643696e+02
   4.3716704e+02   1.9471758e+02  -1.6623491e+02
   4.4896466e+02   1.9768730e+02  -1.6608074e+02
   4.6104101e+02   2.0033762e+02  -1.6597129e+02
   4.7338796e+02   2.0264503e+02  -1.6590161e+02
   4.8599656e+02   2.0459092e+02  -1.6586549e+02
   4.9885686e+02   2.0616170e+02  -1.6585614e+02
   5.1195803e+02   2.0734862e+02  -1.6586674e+02
   5.2528861e+02   2.0814743e+02  -1.6589095e+02
   5.3883687e+02   2.0855797e+02  -1.6592336e+02
   5.5259126e+02   2.0858366e+02  -1.6595974e+02
   5.6654083e+02   2.0823093e+02  -1.6599727e+02
   5.8067573e+02   2.0750875e+02  -1.6603470e+02
   5.9498745e+02   2.0642811e+02  -1.6607235e+02
   6.0946915e+02   2.0500163e+02  -1.6611211e+02
   6.2411579e+02   2.0324313e+02  -1.6615729e+02
   6.3892429e+02   2.0116729e+02  -1.6621244e+02
   6.5389359e+02   1.9878930e+02  -1.6628298e+02
   6.6902470e+02   1.9612449e+02  -1.6637483e+02
   6.8432072e+02   1.9318801e+02  -1.6649394e+02
   6.9978679e+02   1.8999454e+02  -1.6664574e+02
   7.1542991e+02   1.8655797e+02  -1.6683471e+02
   7.3125861e+02   1.8289135e+02  -1.6706389e+02
   7.4728240e+02   1.7900681e+02  -1.6733462e+02
   7.6351113e+02   1.7491568e+02  -1.6764632e+02
   7.7995423e+02   1.7062878e+02  -1.6799645e+02
   7.9661993e+02   1.6615682e+02  -1.6838064e+02
   8.1351473e+02   1.6151084e+02  -1.6879294e+02
   8.3064295e+02   1.5670288e+02  -1.6922619e+02
   8.4800648e+02   1.5174663e+02  -1.6967251e+02
   8.6560483e+02   1.4665814e+02  -1.7012386e+02
   8.8343527e+02   1.4145652e+02  -1.7057261e+02
   9.0149310e+02   1.3616439e+02  -1.7101210e+02
   9.1977200e+02   1.3080825e+02  -1.7143713e+02
   9.3826439e+02   1.2541844e+02  -1.7184423e+02
   9.5696174e+02   1.2002889e+02  -1.7223191e+02
   9.7585469e+02   1.1467653e+02  -1.7260062e+02
   9.9493304e+02   1.0940058e+02  -1.7295261e+02
   1.0141855e+03   1.0424159e+02  -1.7329166e+02
   1.0335994e+03   9.9240452e+01  -1.7362263e+02
   1.0531597e+03   9.4437397e+01  -1.7395090e+02
   1.0728490e+03   8.9871040e+01  -1.7428178e+02
   1.0926463e+03   8.5577528e+01  -1.7461986e+02
   1.1125269e+03   8.1589826e+01  -1.7496833e+02
   1.1324618e+03   7.7937132e+01  -1.7532853e+02
   1.1524176e+03   7.4644404e+01  -1.7569955e+02
   1.1723565e+03   7.1731961e+01  -1.7607813e+02
   1.1922364e+03   6.9215090e+01  -1.7645879e+02
   1.2120114e+03   6.7103648e+01  -1.7683422e+02
   1.2316323e+03   6.5401619e+01  -1.7719595e+02
   1.2510470e+03   6.4106646e+01  -1.7753522e+02
   1.2702016e+03   6.3209569e+01  -1.7784391e+02
   1.2890407e+03   6.2694010e+01  -1.7811558e+02
   1.3075084e+03   6.2536073e+01  -1.7834638e+02
   1.3255490e+03   6.2704234e+01  -1.7853581e+02
   1.3431076e+03   6.3159494e+01  -1.7868712e+02
   1.3601311e+03   6.3855842e+01  -1.7880753e+02
   1.3765692e+03   6.4741097e+01  -1.7890791e+02
   1.3923752e+03   6.5758125e+01  -1.7900220e+02
   1.4075075e+03   6.6846436e+01  -1.7910653e+02
   1.4219302e+03   6.7944081e+01  -1.7923811e+02
   1.4356149e+03   6.8989788e+01  -1.7941406e+02
   1.4485416e+03   6.9925226e+01  -1.7965031e+02
   1.4606997e+03   7.0697266e+01  -1.7996060e+02
   1.4720880e+03   7.1260146e+01  -1.8035569e+02
   1.4827157e+03   7.1577417e+01  -1.8084283e+02
   1.4926008e+03   7.1623603e+01  -1.8142540e+02
   1.5017694e+03   7.1385465e+01  -1.8210270e+02
   1.5102534e+03   7.0862813e+01  -1.8286988e+02
   1.5180883e+03   7.0068761e+01  -1.8371797e+02
   1.5253096e+03   6.9029369e+01  -1.8463390e+02
   1.5319506e+03   6.7782598e+01  -1.8560079e+02
   1.5380388e+03   6.6376536e+01  -1.8659828e+02
   1.5435944e+03   6.4866912e+01  -1.8760318e+02
   1.5486287e+03   6.3313935e+01  -1.8859049e+02
   1.5531449e+03   6.1778630e+01  -1.8953470e+02
   1.5571395e+03   6.0318849e+01  -1.9041138e+02
   2.1356574e+02   8.8646178e+01  -2.4271121e+02
   2.1650372e+02   8.6517390e+01  -2.4300624e+02
   2.1939790e+02   8.4447081e+01  -2.4328602e+02
   2.2222447e+02   8.2485590e+01  -2.4353235e+02
   2.2496303e+02   8.0675010e+01  -2.4372763e+02
   2.2759655e+02   7.9046726e+01  -2.4385611e+02
   2.3011148e+02   7.7619996e+01  -2.4390501e+02
   2.3249797e+02   7.6401698e+01  -2.4386545e+02
   2.3475004e+02   7.5387172e+01  -2.4373328e+02
   2.3686555e+02   7.4562000e+01  -2.4350949e+02
   2.3884586e+02   7.3904454e+01  -2.4320039e+02
   2.4069509e+02   7.3388275e+01  -2.4281735e+02
   2.4241909e+02   7.2985475e+01  -2.4237619e+02
   2.4402428e+02   7.2668850e+01  -2.4189627e+02
   2.4551664e+02   7.2413976e+01  -2.4139916e+02
   2.4690090e+02   7.2200544e+01  -2.4090711e+02
   2.4818016e+02   7.2012991e+01  -2.4044148e+02
   2.4935592e+02   7.1840496e+01  -2.4002114e+02
   2.5042850e+02   7.1676460e+01  -2.3966118e+02
   2.5139776e+02   7.1517649e+01  -2.3937199e+02
   2.5226384e+02   7.1363201e+01  -2.3915882e+02
   2.5302795e+02   7.1213656e+01  -2.3902192e+02
   2.5369287e+02   7.1070153e+01  -2.3895702e+02
   2.5426331e+02   7.0933846e+01  -2.3895623e+02
   2.5474589e+02   7.0805572e+01  -2.3900910e+02
   2.5514899e+02   7.0685718e+01  -2.3910373e+02
   2.5548227e+02   7.0574256e+01  -2.3922782e+02
   2.5575615e+02   7.0470877e+01  -2.3936959e+02
   2.5598123e+02   7.0375159e+01  -2.3951849e+02
   2.5616768e+02   7.0286743e+01  -2.3966572e+02
   2.5632480e+02   7.0205451e+01  -2.3980445e+02
   2.5646065e+02   7.0131344e+01  -2.3992992e+02
   2.5658179e+02   7.0064716e+01  -2.4003926e+02
   2.5669327e+02   7.0006015e+01  -2.4013125e+02
   2.5679861e+02   6.9955735e+01  -2.4020596e+02
   2.5690000e+02   6.9914281e+01  -2.4026437e+02
   2.5699849e+02   6.9881850e+01  -2.4030800e+02
   2.5709423e+02   6.9858343e+01  -2.4033864e+02
   2.5718678e+02   6.9843330e+01  -2.4035810e+02
   2.5727536e+02   6.9836056e+01  -2.4036808e+02
   2.5735905e+02   6.9835509e+01  -2.4037015e+02
   2.5743707e+02   6.9840509e+01  -2.4036572e+02
   2.5750895e+02   6.9849804e+01  -2.4035611e+02
   2.5757466e+02   6.9862170e+01  -2.4034256e+02
   2.5763472e+02   6.9876468e+01  -2.4032632e+02
   2.5769025e+02   6.9891681e+01  -2.4030863e+02
   2.5774295e+02   6.9906921e+01  -2.4029079e+02
   2.5779500e+02   6.9921424e+01  -2.4027412e+02
   2.5784898e+02   6.9934542e+01  -2.4025996e+02
   2.5790770e+02   6.9945741e+01  -2.4024974e+02
   2.5797398e+02   6.9954632e+01  -2.4024490e+02
   2.5805049e+02   6.9961019e+01  -2.4024701e+02
   2.5813955e+02   6.9964971e+01  -2.4025772e+02
   2.5824298e+02   6.9966909e+01  -2.4027883e+02
   2.5836198e+02   6.9967687e+01  -2.4031231e+02
   2.5849707e+02   6.9968655e+01  -2.4036030e+02
   2.5864812e+02   6.9971694e+01  -2.4042510e+02
   2.5881445e+02   6.9979203e+01  -2.4050911e+02
   2.5899500e+02   6.9994029e+01  -2.4061480e+02
   2.5918863e+02   7.0019340e+01  -2.4074457e+02
   2.5939440e+02   7.0058437e+01  -2.4090068e+02
   2.5961190e+02   7.0114523e+01  -2.4108512e+02
   2.5984152e+02   7.0190451e+01  -2.4129951e+02
   2.6008472e+02   7.0288498e+01  -2.4154506e+02
   2.6034404e+02   7.0410187e+01  -2.4182245e+02
   2.6062308e+02   7.0556207e+01  -2.4213190e+02
   2.6092619e+02   7.0726447e+01  -2.4247318e+02
   2.6125810e+02   7.0920139e+01  -2.4284569e+02
   2.6162334e+02   7.1136104e+01  -2.4324851e+02
   2.6202570e+02   7.1373041e+01  -2.4368051e+02
   2.6246768e+02   7.1629834e+01  -2.4414034e+02
   2.6295013e+02   7.1905808e+01  -2.4462635e+02
   2.6347202e+02   7.2200919e+01  -2.4513653e+02
   2.6403043e+02   7.2515848e+01  -2.4566826e+02
   2.6462082e+02   7.2852004e+01  -2.4621816e+02
   2.6523742e+02   7.3211444e+01  -2.4678175e+02
   2.6587373e+02   7.3596753e+01  -2.4735335e+02
   2.6652307e+02   7.4010875e+01  -2.4792586e+02
   2.6717916e+02   7.4456949e+01  -2.4849077e+02
   2.6783653e+02   7.4938159e+01  -2.4903827e+02
   2.6849085e+02   7.5457614e+01  -2.4955745e+02
   2.6913919e+02   7.6018293e+01  -2.5003670e+02
   2.6978006e+02   7.6623046e+01  -2.5046414e+02
   2.7041339e+02   7.7274658e+01  -2.5082817e+02
   2.7104049e+02   7.7975961e+01  -2.5111801e+02
   2.7166382e+02   7.8729955e+01  -2.5132425e+02
   2.7228689e+02   7.9539935e+01  -2.5143933e+02
   2.7291410e+02   8.0409577e+01  -2.5145790e+02
   2.7355064e+02   8.1342979e+01  -2.5137710e+02
   2.7420246e+02   8.2344650e+01  -2.5119664e+02
   2.7487631e+02   8.3419435e+01  -2.5091881e+02
   2.7557978e+02   8.4572389e+01  -2.5054834e+02
   2.7632149e+02   8.5808602e+01  -2.5009211e+02
   2.7711128e+02   8.7132979e+01  -2.4955886e+02
   2.7796048e+02   8.8550001e+01  -2.4895873e+02
   2.7888222e+02   9.0063446e+01  -2.4830286e+02
   2.7989172e+02   9.1676100e+01  -2.4760292e+02
   2.8100658e+02   9.3389469e+01  -2.4687063e+02
   2.8224698e+02   9.5203490e+01  -2.4611736e+02
   2.8363583e+02   9.7116288e+01  -2.4535367e+02
   2.8519870e+02   9.9124011e+01  -2.4458895e+02
   2.8696358e+02   1.0122077e+02  -2.4383107e+02
   2.8896041e+02   1.0339876e+02  -2.4308611e+02
   2.9122043e+02   1.0564853e+02  -2.4235818e+02
   2.9377524e+02   1.0795948e+02  -2.4164922e+02
   2.9665580e+02   1.1032052e+02  -2.4095905e+02
   2.9989130e+02   1.1272085e+02  -2.4028542e+02
   3.0350811e+02   1.1515084e+02  -2.3962423e+02
   3.0752877e+02   1.1760284e+02  -2.3896993e+02
   3.1197122e+02   1.2007196e+02  -2.3831594e+02
   3.1684828e+02   1.2255659e+02  -2.3765526e+02
   3.2216742e+02   1.2505861e+02  -2.3698108e+02
   3.2793078e+02   1.2758328e+02  -2.3628738e+02
   3.3413558e+02   1.3013864e+02  -2.3556959e+02
   3.4077472e+02   1.3273455e+02  -2.3482510e+02
   3.4783765e+02   1.3538144e+02  -2.3405372e+02
   3.5531131e+02   1.3808882e+02  -2.3325791e+02
   3.6318111e+02   1.4086384e+02  -2.3244298e+02
   3.7143183e+02   1.4370994e+02  -2.3161690e+02
   3.8004844e+02   1.4662584e+02  -2.3079008e+02
   3.8901664e+02   1.4960495e+02  -2.2997483e+02
   3.9832332e+02   1.5263513e+02  -2.2918469e+02
   4.0795672e+02   1.5569901e+02  -2.2843368e+02
   4.1790658e+02   1.5877451e+02  -2.2773536e+02
   4.2816410e+02   1.6183577e+02  -2.2710200e+02
   4.3872181e+02   1.6485416e+02  -2.2654374e+02
   4.4957349e+02   1.6779937e+02  -2.2606799e+02
   4.6071395e+02   1.7064050e+02  -2.2567897e+02
   4.7213883e+02   1.7334702e+02  -2.2537762e+02
   4.8384423e+02   1.7588960e+02  -2.2516170e+02
   4.9582643e+02   1.7824081e+02  -2.2502617e+02
   5.0808141e+02   1.8037567e+02  -2.2496382e+02
   5.2060448e+02   1.8227213e+02  -2.2496595e+02
   5.3338992e+02   1.8391141e+02  -2.2502313e+02
   5.4643073e+02   1.8527823e+02  -2.2512590e+02
   5.5971853e+02   1.8636096e+02  -2.2526546e+02
   5.7324371e+02   1.8715162e+02  -2.2543413e+02
   5.8699559e+02   1.8764567e+02  -2.2562569e+02
   6.0096291e+02   1.8784171e+02  -2.2583564e+02
   6.1513420e+02   1.8774107e+02  -2.2606118e+02
   6.2949840e+02   1.8734720e+02  -2.2630117e+02
   6.4404528e+02   1.8666522e+02  -2.2655593e+02
   6.5876591e+02   1.8570127e+02  -2.2682696e+02
   6.7365310e+02   1.8446212e+02  -2.2711656e+02
   6.8870169e+02   1.8295475e+02  -2.2742741e+02
   7.0390879e+02   1.8118618e+02  -2.2776209e+02
   7.1927395e+02   1.7916330e+02  -2.2812265e+02
   7.3479917e+02   1.7689297e+02  -2.2851019e+02
   7.5048885e+02   1.7438216e+02  -2.2892460e+02
   7.6634945e+02   1.7163828e+02  -2.2936439e+02
   7.8238922e+02   1.6866955e+02  -2.2982670e+02
   7.9861761e+02   1.6548545e+02  -2.3030745e+02
   8.1504473e+02   1.6209721e+02  -2.3080165e+02
   8.3168069e+02   1.5851822e+02  -2.3130372e+02
   8.4853490e+02   1.5476434e+02  -2.3180799e+02
   8.6561550e+02   1.5085420e+02  -2.3230908e+02
   8.8292878e+02   1.4680918e+02  -2.3280230e+02
   9.0047880e+02   1.4265341e+02  -2.3328395e+02
   9.1826708e+02   1.3841353e+02  -2.3375142e+02
   9.3629243e+02   1.3411841e+02  -2.3420323e+02
   9.5455083e+02   1.2979871e+02  -2.3463897e+02
   9.7303533e+02   1.2548646e+02  -2.3505906e+02
   9.9173598e+02   1.2121465e+02  -2.3546461e+02
   1.0106396e+03   1.1701674e+02  -2.3585714e+02
   1.0297299e+03   1.1292630e+02  -2.3623852e+02
   1.0489867e+03   1.0897663e+02  -2.3661083e+02
   1.0683865e+03   1.0520036e+02  -2.3697637e+02
   1.0879019e+03   1.0162912e+02  -2.3733777e+02
   1.1075019e+03   9.8293067e+01  -2.3769802e+02
   1.1271518e+03   9.5220449e+01  -2.3806056e+02
   1.1468135e+03   9.2436994e+01  -2.3842921e+02
   1.1664459e+03   8.9965263e+01  -2.3880789e+02
   1.1860051e+03   8.7823912e+01  -2.3920023e+02
   1.2054448e+03   8.6026960e+01  -2.3960913e+02
   1.2247170e+03   8.4583110e+01  -2.4003622e+02
   1.2437727e+03   8.3495206e+01  -2.4048152e+02
   1.2625627e+03   8.2759849e+01  -2.4094326e+02
   1.2810381e+03   8.2367198e+01  -2.4141790e+02
   1.2991520e+03   8.2300961e+01  -2.4190049e+02
   1.3168595e+03   8.2538560e+01  -2.4238511e+02
   1.3341190e+03   8.3051474e+01  -2.4286565e+02
   1.3508926e+03   8.3805716e+01  -2.4333653e+02
   1.3671463e+03   8.4762431e+01  -2.4379351e+02
   1.3828508e+03   8.5878596e+01  -2.4423430e+02
   1.3979813e+03   8.7107785e+01  -2.4465911e+02
   1.4125178e+03   8.8401027e+01  -2.4507081e+02
   1.4264449e+03   8.9707733e+01  -2.4547492e+02
   1.4397521e+03   9.0976753e+01  -2.4587932e+02
   1.4524340e+03   9.2157571e+01  -2.4629374e+02
   1.4644898e+03   9.3201675e+01  -2.4672907e+02
   1.4759239e+03   9.4064128e+01  -2.4719653e+02
   1.4867452e+03   9.4705298e+01  -2.4770685e+02
   1.4969669e+03   9.5092687e+01  -2.4826939e+02
   1.5066057e+03   9.5202745e+01  -2.4889133e+02
   1.5156808e+03   9.5022518e+01  -2.4957693e+02
   1.5242120e+03   9.4550963e+01  -2.5032691e+02
   1.5322181e+03   9.3799764e+01  -2.5113795e+02
   1.5397148e+03   9.2793496e+01  -2.5200241e+02
   1.5467127e+03   9.1569009e+01  -2.5290832e+02
   1.5532156e+03   9.0173953e+01  -2.5383964e+02
   1.5592198e+03   8.8664437e+01  -2.5477688e+02
   1.5647137e+03   8.7101877e+01  -2.5569809e+02
   1.5696796e+03   8.5549191e+01  -2.5658022e+02
   1.5740961e+03   8.4066606e+01  -2.5740077e+02
   1.7857634e+02   1.0349183e+01  -2.1723100e+02
   1.7935054e+02   1.0052744e+01  -2.1708733e+02
   1.8011607e+02   9.7929458e+00  -2.1693825e+02
   1.8087051e+02   9.6097607e+00  -2.1677722e+02
   1.8161179e+02   9.5361704e+00  -2.1659880e+02
   1.8233781e+02   9.5952840e+00  -2.1639935e+02
   1.8304621e+02   9.7988021e+00  -2.1617739e+02
   1.8373433e+02   1.0146885e+01  -2.1593378e+02
   1.8439930e+02   1.0629242e+01  -2.1567165e+02
   1.8503828e+02   1.1227103e+01  -2.1539598e+02
   1.8564868e+02   1.1915670e+01  -2.1511316e+02
   1.8622826e+02   1.2666673e+01  -2.1483027e+02
   1.8677520e+02   1.3450771e+01  -2.1455451e+02
   1.8728799e+02   1.4239604e+01  -2.1429258e+02
   1.8776528e+02   1.5007419e+01  -2.1405025e+02
   1.8820577e+02   1.5732238e+01  -2.1383203e+02
   1.8860808e+02   1.6396598e+01  -2.1364103e+02
   1.8897087e+02   1.6987883e+01  -2.1347887e+02
   1.8929291e+02   1.7498338e+01  -2.1334583e+02
   1.8957338e+02   1.7924798e+01  -2.1324092e+02
   1.8981207e+02   1.8268221e+01  -2.1316220e+02
   1.9000965e+02   1.8533059e+01  -2.1310700e+02
   1.9016776e+02   1.8726545e+01  -2.1307218e+02
   1.9028904e+02   1.8857925e+01  -2.1305443e+02
   1.9037704e+02   1.8937682e+01  -2.1305048e+02
   1.9043604e+02   1.8976801e+01  -2.1305726e+02
   1.9047078e+02   1.8986103e+01  -2.1307202e+02
   1.9048622e+02   1.8975685e+01  -2.1309243e+02
   1.9048721e+02   1.8954487e+01  -2.1311652e+02
   1.9047825e+02   1.8929987e+01  -2.1314273e+02
   1.9046322e+02   1.8908028e+01  -2.1316979e+02
   1.9044525e+02   1.8892770e+01  -2.1319671e+02
   1.9042657e+02   1.8886747e+01  -2.1322263e+02
   1.9040846e+02   1.8891016e+01  -2.1324683e+02
   1.9039133e+02   1.8905385e+01  -2.1326861e+02
   1.9037482e+02   1.8928691e+01  -2.1328735e+02
   1.9035796e+02   1.8959115e+01  -2.1330250e+02
   1.9033945e+02   1.8994498e+01  -2.1331360e+02
   1.9031788e+02   1.9032641e+01  -2.1332042e+02
   1.9029205e+02   1.9071570e+01  -2.1332298e+02
   1.9026117e+02   1.9109746e+01  -2.1332168e+02
   1.9022511e+02   1.9146209e+01  -2.1331735e+02
   1.9018452e+02   1.9180651e+01  -2.1331125e+02
   1.9014089e+02   1.9213426e+01  -2.1330506e+02
   1.9009650e+02   1.9245488e+01  -2.1330077e+02
   1.9005429e+02   1.9278287e+01  -2.1330057e+02
   1.9001760e+02   1.9313616e+01  -2.1330659e+02
   1.8998989e+02   1.9353448e+01  -2.1332077e+02
   1.8997437e+02   1.9399771e+01  -2.1334460e+02
   1.8997369e+02   1.9454441e+01  -2.1337903e+02
   1.8998966e+02   1.9519080e+01  -2.1342441e+02
   1.9002303e+02   1.9595007e+01  -2.1348053e+02
   1.9007347e+02   1.9683217e+01  -2.1354675e+02
   1.9013958e+02   1.9784386e+01  -2.1362223e+02
   1.9021912e+02   1.9898899e+01  -2.1370620e+02
   1.9030930e+02   2.0026880e+01  -2.1379829e+02
   1.9040717e+02   2.0168232e+01  -2.1389876e+02
   1.9051004e+02   2.0322666e+01  -2.1400880e+02
   1.9061588e+02   2.0489746e+01  -2.1413066e+02
   1.9072364e+02   2.0668939e+01  -2.1426776e+02
   1.9083340e+02   2.0859706e+01  -2.1442470e+02
   1.9094633e+02   2.1061628e+01  -2.1460715e+02
   1.9106453e+02   2.1274559e+01  -2.1482170e+02
   1.9119067e+02   2.1498813e+01  -2.1507561e+02
   1.9132761e+02   2.1735333e+01  -2.1537642e+02
   1.9147798e+02   2.1985833e+01  -2.1573157e+02
   1.9164386e+02   2.2252868e+01  -2.1614793e+02
   1.9182648e+02   2.2539834e+01  -2.1663124e+02
   1.9202611e+02   2.2850869e+01  -2.1718558e+02
   1.9224199e+02   2.3190691e+01  -2.1781291e+02
   1.9247245e+02   2.3564379e+01  -2.1851260e+02
   1.9271507e+02   2.3977152e+01  -2.1928120e+02
   1.9296691e+02   2.4434162e+01  -2.2011229e+02
   1.9322480e+02   2.4940338e+01  -2.2099655e+02
   1.9348559e+02   2.5500303e+01  -2.2192194e+02
   1.9374638e+02   2.6118347e+01  -2.2287412e+02
   1.9400471e+02   2.6798466e+01  -2.2383690e+02
   1.9425872e+02   2.7544457e+01  -2.2479286e+02
   1.9450724e+02   2.8360027e+01  -2.2572392e+02
   1.9474984e+02   2.9248920e+01  -2.2661201e+02
   1.9498690e+02   3.0215025e+01  -2.2743964e+02
   1.9521961e+02   3.1262441e+01  -2.2819041e+02
   1.9544992e+02   3.2395514e+01  -2.2884949e+02
   1.9568049e+02   3.3618805e+01  -2.2940401e+02
   1.9591463e+02   3.4937039e+01  -2.2984336e+02
   1.9615614e+02   3.6355011e+01  -2.3015951e+02
   1.9640924e+02   3.7877483e+01  -2.3034711e+02
   1.9667841e+02   3.9509080e+01  -2.3040366e+02
   1.9696829e+02   4.1254197e+01  -2.3032952e+02
   1.9728368e+02   4.3116928e+01  -2.3012789e+02
   1.9762946e+02   4.5101027e+01  -2.2980459e+02
   1.9801070e+02   4.7209910e+01  -2.2936795e+02
   1.9843285e+02   4.9446681e+01  -2.2882850e+02
   1.9890193e+02   5.1814205e+01  -2.2819872e+02
   1.9942496e+02   5.4315200e+01  -2.2749270e+02
   2.0001044e+02   5.6952360e+01  -2.2672590e+02
   2.0066888e+02   5.9728499e+01  -2.2591481e+02
   2.0141338e+02   6.2646724e+01  -2.2507662e+02
   2.0226030e+02   6.5710609e+01  -2.2422886e+02
   2.0322973e+02   6.8924397e+01  -2.2338904e+02
   2.0434596e+02   7.2293191e+01  -2.2257417e+02
   2.0563772e+02   7.5823131e+01  -2.2180034e+02
   2.0713822e+02   7.9521525e+01  -2.2108225e+02
   2.0888497e+02   8.3396883e+01  -2.2043272e+02
   2.1091922e+02   8.7458822e+01  -2.1986225e+02
   2.1328527e+02   9.1717780e+01  -2.1937861e+02
   2.1602932e+02   9.6184520e+01  -2.1898653e+02
   2.1919814e+02   1.0086939e+02  -2.1868744e+02
   2.2283743e+02   1.0578136e+02  -2.1847935e+02
   2.2699010e+02   1.1092688e+02  -2.1835682e+02
   2.3169438e+02   1.1630864e+02  -2.1831114e+02
   2.3698203e+02   1.2192424e+02  -2.1833064e+02
   2.4287670e+02   1.2776504e+02  -2.1840125e+02
   2.4939258e+02   1.3381513e+02  -2.1850718e+02
   2.5653341e+02   1.4005059e+02  -2.1863199e+02
   2.6429190e+02   1.4643912e+02  -2.1875958e+02
   2.7264966e+02   1.5294010e+02  -2.1887537e+02
   2.8157754e+02   1.5950507e+02  -2.1896737e+02
   2.9103647e+02   1.6607857e+02  -2.1902699e+02
   3.0097872e+02   1.7259949e+02  -2.1904955e+02
   3.1134962e+02   1.7900269e+02  -2.1903443e+02
   3.2208963e+02   1.8522096e+02  -2.1898473e+02
   3.3313684e+02   1.9118730e+02  -2.1890655e+02
   3.4442965e+02   1.9683721e+02  -2.1880806e+02
   3.5590962e+02   2.0211110e+02  -2.1869828e+02
   3.6752423e+02   2.0695633e+02  -2.1858595e+02
   3.7922929e+02   2.1132901e+02  -2.1847853e+02
   3.9099086e+02   2.1519515e+02  -2.1838151e+02
   4.0278634e+02   2.1853121e+02  -2.1829804e+02
   4.1460473e+02   2.2132399e+02  -2.1822893e+02
   4.2644597e+02   2.2356985e+02  -2.1817288e+02
   4.3831948e+02   2.2527346e+02  -2.1812698e+02
   4.5024204e+02   2.2644613e+02  -2.1808722e+02
   4.6223542e+02   2.2710398e+02  -2.1804900e+02
   4.7432398e+02   2.2726608e+02  -2.1800756e+02
   4.8653252e+02   2.2695278e+02  -2.1795844e+02
   4.9888463e+02   2.2618422e+02  -2.1789770e+02
   5.1140163e+02   2.2497933e+02  -2.1782223e+02
   5.2410203e+02   2.2335506e+02  -2.1772994e+02
   5.3700159e+02   2.2132618e+02  -2.1761993e+02
   5.5011363e+02   2.1890528e+02  -2.1749258e+02
   5.6344957e+02   2.1610316e+02  -2.1734962e+02
   5.7701963e+02   2.1292939e+02  -2.1719412e+02
   5.9083337e+02   2.0939299e+02  -2.1703046e+02
   6.0490018e+02   2.0550314e+02  -2.1686419e+02
   6.1922958e+02   2.0126987e+02  -2.1670190e+02
   6.3383131e+02   1.9670462e+02  -2.1655094e+02
   6.4871531e+02   1.9182063e+02  -2.1641918e+02
   6.6389141e+02   1.8663323e+02  -2.1631460e+02
   6.7936907e+02   1.8115984e+02  -2.1624484e+02
   6.9515694e+02   1.7541984e+02  -2.1621679e+02
   7.1126244e+02   1.6943439e+02  -2.1623605e+02
   7.2769139e+02   1.6322597e+02  -2.1630660e+02
   7.4444763e+02   1.5681809e+02  -2.1643040e+02
   7.6153288e+02   1.5023488e+02  -2.1660729e+02
   7.7894658e+02   1.4350084e+02  -2.1683498e+02
   7.9668597e+02   1.3664076e+02  -2.1710916e+02
   8.1474624e+02   1.2967973e+02  -2.1742396e+02
   8.3312091e+02   1.2264341e+02  -2.1777236e+02
   8.5180214e+02   1.1555843e+02  -2.1814683e+02
   8.7078111e+02   1.0845283e+02  -2.1853990e+02
   8.9004836e+02   1.0135654e+02  -2.1894480e+02
   9.0959378e+02   9.4301748e+01  -2.1935585e+02
   9.2940651e+02   8.7323093e+01  -2.1976878e+02
   9.4947448e+02   8.0457654e+01  -2.2018082e+02
   9.6978375e+02   7.3744680e+01  -2.2059061e+02
   9.9031773e+02   6.7225071e+01  -2.2099787e+02
   1.0110562e+03   6.0940605e+01  -2.2140289e+02
   1.0319747e+03   5.4932926e+01  -2.2180589e+02
   1.0530436e+03   4.9242356e+01  -2.2220636e+02
   1.0742279e+03   4.3906605e+01  -2.2260241e+02
   1.0954871e+03   3.8959480e+01  -2.2299029e+02
   1.1167756e+03   3.4429670e+01  -2.2336408e+02
   1.1380427e+03   3.0339709e+01  -2.2371570e+02
   1.1592338e+03   2.6705166e+01  -2.2403523e+02
   1.1802910e+03   2.3534104e+01  -2.2431155e+02
   1.2011544e+03   2.0826806e+01  -2.2453317e+02
   1.2217625e+03   1.8575765e+01  -2.2468939e+02
   1.2420537e+03   1.6765891e+01  -2.2477153e+02
   1.2619671e+03   1.5374912e+01  -2.2477413e+02
   1.2814428e+03   1.4373928e+01  -2.2469613e+02
   1.3004230e+03   1.3728083e+01  -2.2454178e+02
   1.3188523e+03   1.3397321e+01  -2.2432120e+02
   1.3366782e+03   1.3337208e+01  -2.2405049e+02
   1.3538519e+03   1.3499806e+01  -2.2375125e+02
   1.3703285e+03   1.3834589e+01  -2.2344964e+02
   1.3860680e+03   1.4289431e+01  -2.2317481e+02
   1.4010355e+03   1.4811677e+01  -2.2295699e+02
   1.4152029e+03   1.5349322e+01  -2.2282547e+02
   1.4285488e+03   1.5852337e+01  -2.2280655e+02
   1.4410604e+03   1.6274125e+01  -2.2292181e+02
   1.4527335e+03   1.6573086e+01  -2.2318679e+02
   1.4635733e+03   1.6714223e+01  -2.2361020e+02
   1.4735946e+03   1.6670708e+01  -2.2419361e+02
   1.4828210e+03   1.6425267e+01  -2.2493156e+02
   1.4912838e+03   1.5971247e+01  -2.2581204e+02
   1.4990198e+03   1.5313222e+01  -2.2681711e+02
   1.5060697e+03   1.4467005e+01  -2.2792369e+02
   1.5124744e+03   1.3458981e+01  -2.2910441e+02
   1.5182725e+03   1.2324741e+01  -2.3032858e+02
   1.5234978e+03   1.1107017e+01  -2.3156327e+02
   1.5281776e+03   9.8530350e+00  -2.3277471e+02
   1.5323317e+03   8.6114013e+00  -2.3392989e+02
   1.5359731e+03   7.4287337e+00  -2.3499838e+02
   2.2531253e+02   6.4677719e+01  -2.4132871e+02
   2.2760776e+02   6.2230811e+01  -2.4173128e+02
   2.2986698e+02   5.9847274e+01  -2.4211766e+02
   2.3206707e+02   5.7582806e+01  -2.4246959e+02
   2.3418852e+02   5.5485203e+01  -2.4276995e+02
   2.3621566e+02   5.3591666e+01  -2.4300390e+02
   2.3813685e+02   5.1927072e+01  -2.4315986e+02
   2.3994449e+02   5.0503326e+01  -2.4323032e+02
   2.4163495e+02   4.9319795e+01  -2.4321241e+02
   2.4320807e+02   4.8364682e+01  -2.4310810e+02
   2.4466659e+02   4.7617122e+01  -2.4292417e+02
   2.4601517e+02   4.7049727e+01  -2.4267176e+02
   2.4725938e+02   4.6631299e+01  -2.4236565e+02
   2.4840473e+02   4.6329450e+01  -2.4202326e+02
   2.4945590e+02   4.6112927e+01  -2.4166349e+02
   2.5041627e+02   4.5953470e+01  -2.4130535e+02
   2.5128787e+02   4.5827142e+01  -2.4096666e+02
   2.5207160e+02   4.5715079e+01  -2.4066277e+02
   2.5276780e+02   4.5603701e+01  -2.4040560e+02
   2.5337684e+02   4.5484466e+01  -2.4020297e+02
   2.5389983e+02   4.5353256e+01  -2.4005840e+02
   2.5433908e+02   4.5209536e+01  -2.3997129e+02
   2.5469847e+02   4.5055407e+01  -2.3993749e+02
   2.5498353e+02   4.4894672e+01  -2.3995015e+02
   2.5520138e+02   4.4731984e+01  -2.4000062e+02
   2.5536042e+02   4.4572157e+01  -2.4007941e+02
   2.5546994e+02   4.4419641e+01  -2.4017706e+02
   2.5553967e+02   4.4278170e+01  -2.4028480e+02
   2.5557929e+02   4.4150559e+01  -2.4039506e+02
   2.5559795e+02   4.4038633e+01  -2.4050181e+02
   2.5560390e+02   4.3943243e+01  -2.4060066e+02
   2.5560414e+02   4.3864360e+01  -2.4068881e+02
   2.5560419e+02   4.3801213e+01  -2.4076491e+02
   2.5560801e+02   4.3752448e+01  -2.4082871e+02
   2.5561797e+02   4.3716299e+01  -2.4088084e+02
   2.5563498e+02   4.3690748e+01  -2.4092241e+02
   2.5565865e+02   4.3673680e+01  -2.4095475e+02
   2.5568764e+02   4.3663005e+01  -2.4097920e+02
   2.5571987e+02   4.3656772e+01  -2.4099693e+02
   2.5575295e+02   4.3653259e+01  -2.4100890e+02
   2.5578447e+02   4.3651049e+01  -2.4101585e+02
   2.5581232e+02   4.3649097e+01  -2.4101836e+02
   2.5583496e+02   4.3646780e+01  -2.4101696e+02
   2.5585161e+02   4.3643946e+01  -2.4101225e+02
   2.5586236e+02   4.3640928e+01  -2.4100498e+02
   2.5586827e+02   4.3638539e+01  -2.4099618e+02
   2.5587125e+02   4.3638027e+01  -2.4098718e+02
   2.5587399e+02   4.3640986e+01  -2.4097961e+02
   2.5587977e+02   4.3649210e+01  -2.4097534e+02
   2.5589218e+02   4.3664512e+01  -2.4097643e+02
   2.5591489e+02   4.3688502e+01  -2.4098498e+02
   2.5595133e+02   4.3722358e+01  -2.4100301e+02
   2.5600439e+02   4.3766608e+01  -2.4103235e+02
   2.5607626e+02   4.3820967e+01  -2.4107454e+02
   2.5616820e+02   4.3884259e+01  -2.4113080e+02
   2.5628056e+02   4.3954468e+01  -2.4120206e+02
   2.5641285e+02   4.4028932e+01  -2.4128905e+02
   2.5656395e+02   4.4104667e+01  -2.4139245e+02
   2.5673244e+02   4.4178799e+01  -2.4151313e+02
   2.5691694e+02   4.4249021e+01  -2.4165223e+02
   2.5711641e+02   4.4314018e+01  -2.4181134e+02
   2.5733039e+02   4.4373793e+01  -2.4199244e+02
   2.5755914e+02   4.4429830e+01  -2.4219788e+02
   2.5780357e+02   4.4485086e+01  -2.4243019e+02
   2.5806515e+02   4.4543802e+01  -2.4269189e+02
   2.5834566e+02   4.4611153e+01  -2.4298532e+02
   2.5864690e+02   4.4692791e+01  -2.4331246e+02
   2.5897033e+02   4.4794341e+01  -2.4367480e+02
   2.5931684e+02   4.4920944e+01  -2.4407325e+02
   2.5968651e+02   4.5076897e+01  -2.4450800e+02
   2.6007858e+02   4.5265455e+01  -2.4497844e+02
   2.6049137e+02   4.5488792e+01  -2.4548299e+02
   2.6092247e+02   4.5748116e+01  -2.4601901e+02
   2.6136880e+02   4.6043894e+01  -2.4658263e+02
   2.6182686e+02   4.6376131e+01  -2.4716872e+02
   2.6229290e+02   4.6744675e+01  -2.4777073e+02
   2.6276315e+02   4.7149481e+01  -2.4838075e+02
   2.6323401e+02   4.7590845e+01  -2.4898958e+02
   2.6370223e+02   4.8069566e+01  -2.4958688e+02
   2.6416508e+02   4.8587046e+01  -2.5016147e+02
   2.6462043e+02   4.9145324e+01  -2.5070171e+02
   2.6506691e+02   4.9747044e+01  -2.5119589e+02
   2.6550385e+02   5.0395392e+01  -2.5163267e+02
   2.6593138e+02   5.1094001e+01  -2.5200153e+02
   2.6635042e+02   5.1846868e+01  -2.5229321e+02
   2.6676264e+02   5.2658276e+01  -2.5250003e+02
   2.6717048e+02   5.3532754e+01  -2.5261624e+02
   2.6757717e+02   5.4475053e+01  -2.5263822e+02
   2.6798676e+02   5.5490120e+01  -2.5256464e+02
   2.6840416e+02   5.6583071e+01  -2.5239644e+02
   2.6883527e+02   5.7759123e+01  -2.5213684e+02
   2.6928708e+02   5.9023476e+01  -2.5179110e+02
   2.6976778e+02   6.0381155e+01  -2.5136631e+02
   2.7028695e+02   6.1836775e+01  -2.5087104e+02
   2.7085569e+02   6.3394278e+01  -2.5031492e+02
   2.7148678e+02   6.5056629e+01  -2.4970828e+02
   2.7219478e+02   6.6825526e+01  -2.4906167e+02
   2.7299616e+02   6.8701148e+01  -2.4838551e+02
   2.7390935e+02   7.0681981e+01  -2.4768971e+02
   2.7495475e+02   7.2764775e+01  -2.4698334e+02
   2.7615468e+02   7.4944645e+01  -2.4627442e+02
   2.7753324e+02   7.7215360e+01  -2.4556974e+02
   2.7911604e+02   7.9569799e+01  -2.4487471e+02
   2.8092986e+02   8.2000570e+01  -2.4419334e+02
   2.8300223e+02   8.4500729e+01  -2.4352821e+02
   2.8536085e+02   8.7064547e+01  -2.4288058e+02
   2.8803302e+02   8.9688234e+01  -2.4225042e+02
   2.9104501e+02   9.2370557e+01  -2.4163670e+02
   2.9442145e+02   9.5113248e+01  -2.4103751e+02
   2.9818473e+02   9.7921130e+01  -2.4045038e+02
   3.0235448e+02   1.0080190e+02  -2.3987251e+02
   3.0694722e+02   1.0376553e+02  -2.3930104e+02
   3.1197598e+02   1.0682321e+02  -2.3873322e+02
   3.1745015e+02   1.0998606e+02  -2.3816661e+02
   3.2337540e+02   1.1326345e+02  -2.3759925e+02
   3.2975375e+02   1.1666134e+02  -2.3702979e+02
   3.3658368e+02   1.2018063e+02  -2.3645762e+02
   3.4386039e+02   1.2381580e+02  -2.3588301e+02
   3.5157611e+02   1.2755404e+02  -2.3530717e+02
   3.5972049e+02   1.3137486e+02  -2.3473235e+02
   3.6828104e+02   1.3525040e+02  -2.3416183e+02
   3.7724362e+02   1.3914625e+02  -2.3359985e+02
   3.8659300e+02   1.4302283e+02  -2.3305139e+02
   3.9631337e+02   1.4683715e+02  -2.3252194e+02
   4.0638897e+02   1.5054473e+02  -2.3201706e+02
   4.1680456e+02   1.5410158e+02  -2.3154201e+02
   4.2754598e+02   1.5746607e+02  -2.3110134e+02
   4.3860053e+02   1.6060050e+02  -2.3069854e+02
   4.4995719e+02   1.6347236e+02  -2.3033589e+02
   4.6160670e+02   1.6605511e+02  -2.3001440e+02
   4.7354134e+02   1.6832857e+02  -2.2973395e+02
   4.8575460e+02   1.7027894e+02  -2.2949355e+02
   4.9824070e+02   1.7189840e+02  -2.2929176e+02
   5.1099406e+02   1.7318447e+02  -2.2912702e+02
   5.2400886e+02   1.7413913e+02  -2.2899807e+02
   5.3727876e+02   1.7476784e+02  -2.2890421e+02
   5.5079692e+02   1.7507848e+02  -2.2884542e+02
   5.6455616e+02   1.7508028e+02  -2.2882240e+02
   5.7854939e+02   1.7478287e+02  -2.2883642e+02
   5.9277013e+02   1.7419546e+02  -2.2888910e+02
   6.0721303e+02   1.7332618e+02  -2.2898210e+02
   6.2187432e+02   1.7218177e+02  -2.2911678e+02
   6.3675212e+02   1.7076737e+02  -2.2929390e+02
   6.5184647e+02   1.6908668e+02  -2.2951337e+02
   6.6715921e+02   1.6714231e+02  -2.2977398e+02
   6.8269366e+02   1.6493631e+02  -2.3007332e+02
   6.9845417e+02   1.6247080e+02  -2.3040780e+02
   7.1444547e+02   1.5974872e+02  -2.3077260e+02
   7.3067219e+02   1.5677442e+02  -2.3116188e+02
   7.4713818e+02   1.5355432e+02  -2.3156891e+02
   7.6384612e+02   1.5009725e+02  -2.3198630e+02
   7.8079712e+02   1.4641483e+02  -2.3240629e+02
   7.9799066e+02   1.4252154e+02  -2.3282117e+02
   8.1542461e+02   1.3843475e+02  -2.3322366e+02
   8.3309554e+02   1.3417465e+02  -2.3360747e+02
   8.5099912e+02   1.2976411e+02  -2.3396772e+02
   8.6913069e+02   1.2522844e+02  -2.3430141e+02
   8.8748570e+02   1.2059526e+02  -2.3460767e+02
   9.0606015e+02   1.1589424e+02  -2.3488784e+02
   9.2485070e+02   1.1115697e+02  -2.3514527e+02
   9.4385446e+02   1.0641673e+02  -2.3538498e+02
   9.6306852e+02   1.0170815e+02  -2.3561307e+02
   9.8248911e+02   9.7066913e+01  -2.3583622e+02
   1.0021106e+03   9.2529205e+01  -2.3606115e+02
   1.0219244e+03   8.8131237e+01  -2.3629416e+02
   1.0419179e+03   8.3908649e+01  -2.3654080e+02
   1.0620736e+03   7.9895931e+01  -2.3680569e+02
   1.0823682e+03   7.6125838e+01  -2.3709238e+02
   1.1027728e+03   7.2628814e+01  -2.3740339e+02
   1.1232520e+03   6.9432425e+01  -2.3774022e+02
   1.1437652e+03   6.6560814e+01  -2.3810338e+02
   1.1642662e+03   6.4034191e+01  -2.3849250e+02
   1.1847047e+03   6.1868352e+01  -2.3890637e+02
   1.2050274e+03   6.0074253e+01  -2.3934296e+02
   1.2251788e+03   5.8657629e+01  -2.3979947e+02
   1.2451029e+03   5.7618671e+01  -2.4027241e+02
   1.2647442e+03   5.6951765e+01  -2.4075770e+02
   1.2840488e+03   5.6645314e+01  -2.4125084e+02
   1.3029656e+03   5.6681654e+01  -2.4174713e+02
   1.3214469e+03   5.7037077e+01  -2.4224207e+02
   1.3394488e+03   5.7681981e+01  -2.4273171e+02
   1.3569317e+03   5.8581151e+01  -2.4321311e+02
   1.3738604e+03   5.9694163e+01  -2.4368471e+02
   1.3902037e+03   6.0975928e+01  -2.4414668e+02
   1.4059351e+03   6.2377359e+01  -2.4460107e+02
   1.4210323e+03   6.3846185e+01  -2.4505186e+02
   1.4354771e+03   6.5327912e+01  -2.4550475e+02
   1.4492558e+03   6.6766972e+01  -2.4596685e+02
   1.4623593e+03   6.8108084e+01  -2.4644623e+02
   1.4747831e+03   6.9297849e+01  -2.4695136e+02
   1.4865279e+03   7.0286576e+01  -2.4749054e+02
   1.4975994e+03   7.1030281e+01  -2.4807126e+02
   1.5080085e+03   7.1492786e+01  -2.4869964e+02
   1.5177707e+03   7.1647792e+01  -2.4937989e+02
   1.5269058e+03   7.1480740e+01  -2.5011373e+02
   1.5354357e+03   7.0990299e+01  -2.5089997e+02
   1.5433836e+03   7.0189259e+01  -2.5173413e+02
   1.5507714e+03   6.9104695e+01  -2.5260821e+02
   1.5576178e+03   6.7777253e+01  -2.5351065e+02
   1.5639359e+03   6.6259510e+01  -2.5442661e+02
   1.5697325e+03   6.4613384e+01  -2.5533849e+02
   1.5750068e+03   6.2906661e+01  -2.5622677e+02
   1.5797519e+03   6.1208815e+01  -2.5707121e+02
   1.5839562e+03   5.9586375e+01  -2.5785219e+02
   3.2222273e+02   9.8487717e+01  -2.1696915e+02
   3.2538466e+02   9.3649452e+01  -2.1812568e+02
   3.2850063e+02   8.8873713e+01  -2.1926220e+02
   3.3153660e+02   8.4196315e+01  -2.2035430e+02
   3.3446173e+02   7.9647453e+01  -2.2137583e+02
   3.3724876e+02   7.5252022e+01  -2.2229996e+02
   3.3987464e+02   7.1029957e+01  -2.2310057e+02
   3.4232119e+02   6.6996635e+01  -2.2375425e+02
   3.4457577e+02   6.3163400e+01  -2.2424235e+02
   3.4663168e+02   5.9538256e+01  -2.2455311e+02
   3.4848811e+02   5.6126730e+01  -2.2468347e+02
   3.5014963e+02   5.2932781e+01  -2.2464019e+02
   3.5162521e+02   4.9959649e+01  -2.2444017e+02
   3.5292698e+02   4.7210492e+01  -2.2410968e+02
   3.5406898e+02   4.4688683e+01  -2.2368250e+02
   3.5506593e+02   4.2397699e+01  -2.2319727e+02
   3.5593238e+02   4.0340585e+01  -2.2269411e+02
   3.5668204e+02   3.8519085e+01  -2.2221128e+02
   3.5732752e+02   3.6932606e+01  -2.2178194e+02
   3.5788027e+02   3.5577224e+01  -2.2143179e+02
   3.5835067e+02   3.4444946e+01  -2.2117756e+02
   3.5874820e+02   3.3523363e+01  -2.2102669e+02
   3.5908166e+02   3.2795770e+01  -2.2097792e+02
   3.5935923e+02   3.2241726e+01  -2.2102259e+02
   3.5958860e+02   3.1837985e+01  -2.2114652e+02
   3.5977697e+02   3.1559659e+01  -2.2133189e+02
   3.5993103e+02   3.1381480e+01  -2.2155932e+02
   3.6005686e+02   3.1279030e+01  -2.2180953e+02
   3.6015991e+02   3.1229825e+01  -2.2206489e+02
   3.6024494e+02   3.1214187e+01  -2.2231047e+02
   3.6031598e+02   3.1215835e+01  -2.2253477e+02
   3.6037634e+02   3.1222200e+01  -2.2272996e+02
   3.6042867e+02   3.1224448e+01  -2.2289188e+02
   3.6047505e+02   3.1217258e+01  -2.2301962e+02
   3.6051703e+02   3.1198388e+01  -2.2311498e+02
   3.6055577e+02   3.1168090e+01  -2.2318172e+02
   3.6059208e+02   3.1128448e+01  -2.2322485e+02
   3.6062651e+02   3.1082678e+01  -2.2324983e+02
   3.6065938e+02   3.1034477e+01  -2.2326199e+02
   3.6069082e+02   3.0987456e+01  -2.2326598e+02
   3.6072078e+02   3.0944701e+01  -2.2326544e+02
   3.6074910e+02   3.0908476e+01  -2.2326287e+02
   3.6077547e+02   3.0880085e+01  -2.2325955e+02
   3.6079952e+02   3.0859870e+01  -2.2325572e+02
   3.6082084e+02   3.0847317e+01  -2.2325081e+02
   3.6083906e+02   3.0841244e+01  -2.2324369e+02
   3.6085385e+02   3.0840026e+01  -2.2323300e+02
   3.6086502e+02   3.0841830e+01  -2.2321745e+02
   3.6087256e+02   3.0844820e+01  -2.2319602e+02
   3.6087667e+02   3.0847324e+01  -2.2316815e+02
   3.6087785e+02   3.0847942e+01  -2.2313380e+02
   3.6087684e+02   3.0845614e+01  -2.2309350e+02
   3.6087472e+02   3.0839629e+01  -2.2304827e+02
   3.6087289e+02   3.0829617e+01  -2.2299954e+02
   3.6087305e+02   3.0815518e+01  -2.2294898e+02
   3.6087719e+02   3.0797540e+01  -2.2289845e+02
   3.6088759e+02   3.0776120e+01  -2.2284984e+02
   3.6090668e+02   3.0751886e+01  -2.2280498e+02
   3.6093705e+02   3.0725610e+01  -2.2276561e+02
   3.6098130e+02   3.0698151e+01  -2.2273333e+02
   3.6104197e+02   3.0670392e+01  -2.2270962e+02
   3.6112136e+02   3.0643157e+01  -2.2269581e+02
   3.6122147e+02   3.0617113e+01  -2.2269314e+02
   3.6134381e+02   3.0592670e+01  -2.2270271e+02
   3.6148927e+02   3.0569881e+01  -2.2272548e+02
   3.6165803e+02   3.0548379e+01  -2.2276224e+02
   3.6184947e+02   3.0527359e+01  -2.2281348e+02
   3.6206218e+02   3.0505633e+01  -2.2287941e+02
   3.6229399e+02   3.0481754e+01  -2.2295985e+02
   3.6254218e+02   3.0454199e+01  -2.2305422e+02
   3.6280355e+02   3.0421559e+01  -2.2316153e+02
   3.6307467e+02   3.0382728e+01  -2.2328036e+02
   3.6335200e+02   3.0337030e+01  -2.2340899e+02
   3.6363202e+02   3.0284285e+01  -2.2354540e+02
   3.6391136e+02   3.0224799e+01  -2.2368743e+02
   3.6418684e+02   3.0159289e+01  -2.2383288e+02
   3.6445550e+02   3.0088761e+01  -2.2397956e+02
   3.6471472e+02   3.0014362e+01  -2.2412535e+02
   3.6496216e+02   2.9937244e+01  -2.2426819e+02
   3.6519583e+02   2.9858444e+01  -2.2440608e+02
   3.6541410e+02   2.9778831e+01  -2.2453699e+02
   3.6561575e+02   2.9699086e+01  -2.2465884e+02
   3.6579992e+02   2.9619765e+01  -2.2476949e+02
   3.6596621e+02   2.9541386e+01  -2.2486671e+02
   3.6611467e+02   2.9464567e+01  -2.2494831e+02
   3.6624589e+02   2.9390152e+01  -2.2501216e+02
   3.6636102e+02   2.9319324e+01  -2.2505639e+02
   3.6646184e+02   2.9253654e+01  -2.2507949e+02
   3.6655078e+02   2.9195080e+01  -2.2508049e+02
   3.6663093e+02   2.9145799e+01  -2.2505901e+02
   3.6670606e+02   2.9108078e+01  -2.2501542e+02
   3.6678053e+02   2.9083989e+01  -2.2495080e+02
   3.6685921e+02   2.9075095e+01  -2.2486692e+02
   3.6694734e+02   2.9082117e+01  -2.2476621e+02
   3.6705034e+02   2.9104587e+01  -2.2465159e+02
   3.6717350e+02   2.9140559e+01  -2.2452632e+02
   3.6732171e+02   2.9186392e+01  -2.2439381e+02
   3.6749906e+02   2.9236657e+01  -2.2425745e+02
   3.6770852e+02   2.9284226e+01  -2.2412047e+02
   3.6795158e+02   2.9320568e+01  -2.2398579e+02
   3.6822804e+02   2.9336288e+01  -2.2385602e+02
   3.6853585e+02   2.9321921e+01  -2.2373349e+02
   3.6887122e+02   2.9268951e+01  -2.2362024e+02
   3.6922881e+02   2.9171023e+01  -2.2351813e+02
   3.6960229e+02   2.9025238e+01  -2.2342891e+02
   3.6998510e+02   2.8833452e+01  -2.2335416e+02
   3.7037143e+02   2.8603420e+01  -2.2329527e+02
   3.7075757e+02   2.8349677e+01  -2.2325327e+02
   3.7114326e+02   2.8094001e+01  -2.2322857e+02
   3.7153339e+02   2.7865364e+01  -2.2322070e+02
   3.7193953e+02   2.7699285e+01  -2.2322793e+02
   3.7238147e+02   2.7636541e+01  -2.2324699e+02
   3.7288854e+02   2.7721276e+01  -2.2327275e+02
   3.7350053e+02   2.7998562e+01  -2.2329806e+02
   3.7426811e+02   2.8511565e+01  -2.2331372e+02
   3.7525267e+02   2.9298505e+01  -2.2330854e+02
   3.7652555e+02   3.0389671e+01  -2.2326965e+02
   3.7816654e+02   3.1804743e+01  -2.2318285e+02
   3.8026187e+02   3.3550694e+01  -2.2303319e+02
   3.8290165e+02   3.5620477e+01  -2.2280561e+02
   3.8617685e+02   3.7992624e+01  -2.2248572e+02
   3.9017598e+02   4.0631812e+01  -2.2206065e+02
   3.9498146e+02   4.3490356e+01  -2.2151987e+02
   4.0066615e+02   4.6510527e+01  -2.2085597e+02
   4.0728987e+02   4.9627549e+01  -2.2006543e+02
   4.1489662e+02   5.2773027e+01  -2.1914914e+02
   4.2351243e+02   5.5878584e+01  -2.1811273e+02
   4.3314416e+02   5.8879381e+01  -2.1696671e+02
   4.4377944e+02   6.1717276e+01  -2.1572628e+02
   4.5538771e+02   6.4343359e+01  -2.1441086e+02
   4.6792231e+02   6.6719726e+01  -2.1304339e+02
   4.8132343e+02   6.8820392e+01  -2.1164945e+02
   4.9552170e+02   7.0631337e+01  -2.1025611e+02
   5.1044209e+02   7.2149757e+01  -2.0889081e+02
   5.2600770e+02   7.3382625e+01  -2.0758007e+02
   5.4214327e+02   7.4344739e+01  -2.0634834e+02
   5.5877808e+02   7.5056433e+01  -2.0521691e+02
   5.7584799e+02   7.5541178e+01  -2.0420293e+02
   5.9329671e+02   7.5823259e+01  -2.0331881e+02
   6.1107624e+02   7.5925730e+01  -2.0257178e+02
   6.2914658e+02   7.5868778e+01  -2.0196383e+02
   6.4747489e+02   7.5668595e+01  -2.0149192e+02
   6.6603440e+02   7.5336797e+01  -2.0114850e+02
   6.8480309e+02   7.4880382e+01  -2.0092228e+02
   7.0376247e+02   7.4302147e+01  -2.0079913e+02
   7.2289657e+02   7.3601491e+01  -2.0076314e+02
   7.4219120e+02   7.2775497e+01  -2.0079763e+02
   7.6163355e+02   7.1820176e+01  -2.0088616e+02
   7.8121215e+02   7.0731776e+01  -2.0101342e+02
   8.0091701e+02   6.9508045e+01  -2.0116595e+02
   8.2074000e+02   6.8149355e+01  -2.0133264e+02
   8.4067516e+02   6.6659592e+01  -2.0150501e+02
   8.6071893e+02   6.5046776e+01  -2.0167725e+02
   8.8087019e+02   6.3323350e+01  -2.0184607e+02
   9.0113005e+02   6.1506167e+01  -2.0201023e+02
   9.2150135e+02   5.9616206e+01  -2.0217012e+02
   9.4198801e+02   5.7678061e+01  -2.0232706e+02
   9.6259417e+02   5.5719287e+01  -2.0248275e+02
   9.8332335e+02   5.3769674e+01  -2.0263871e+02
   1.0041776e+03   5.1860511e+01  -2.0279589e+02
   1.0251566e+03   5.0023891e+01  -2.0295449e+02
   1.0462572e+03   4.8292086e+01  -2.0311405e+02
   1.0674731e+03   4.6697012e+01  -2.0327370e+02
   1.0887939e+03   4.5269772e+01  -2.0343268e+02
   1.1102055e+03   4.4040271e+01  -2.0359101e+02
   1.1316896e+03   4.3036884e+01  -2.0375025e+02
   1.1532239e+03   4.2286146e+01  -2.0391414e+02
   1.1747820e+03   4.1812451e+01  -2.0408925e+02
   1.1963332e+03   4.1637733e+01  -2.0428530e+02
   1.2178433e+03   4.1781119e+01  -2.0451524e+02
   1.2392742e+03   4.2258528e+01  -2.0479491e+02
   1.2605847e+03   4.3082238e+01  -2.0514234e+02
   1.2817305e+03   4.4260382e+01  -2.0557674e+02
   1.3026652e+03   4.5796421e+01  -2.0611711e+02
   1.3233408e+03   4.7688589e+01  -2.0678077e+02
   1.3437083e+03   4.9929341e+01  -2.0758171e+02
   1.3637187e+03   5.2504842e+01  -2.0852914e+02
   1.3833242e+03   5.5394517e+01  -2.0962620e+02
   1.4024784e+03   5.8570711e+01  -2.1086913e+02
   1.4211379e+03   6.1998485e+01  -2.1224692e+02
   1.4392623e+03   6.5635586e+01  -2.1374146e+02
   1.4568155e+03   6.9432592e+01  -2.1532844e+02
   1.4737660e+03   7.3333281e+01  -2.1697860e+02
   1.4900871e+03   7.7275215e+01  -2.1865961e+02
   1.5057573e+03   8.1190573e+01  -2.2033805e+02
   1.5207606e+03   8.5007264e+01  -2.2198163e+02
   1.5350859e+03   8.8650341e+01  -2.2356123e+02
   1.5487278e+03   9.2043768e+01  -2.2505272e+02
   1.5616859e+03   9.5112572e+01  -2.2643833e+02
   1.5739652e+03   9.7785377e+01  -2.2770747e+02
   1.5855753e+03   9.9997291e+01  -2.2885698e+02
   1.5965307e+03   1.0169306e+02  -2.2989068e+02
   1.6068499e+03   1.0283027e+02  -2.3081840e+02
   1.6165546e+03   1.0338252e+02  -2.3165457e+02
   1.6256685e+03   1.0334206e+02  -2.3241638e+02
   1.6342158e+03   1.0272187e+02  -2.3312187e+02
   1.6422192e+03   1.0155668e+02  -2.3378806e+02
   1.6496980e+03   9.9902858e+01  -2.3442920e+02
   1.6566661e+03   9.7836851e+01  -2.3505545e+02
   1.6631305e+03   9.5452198e+01  -2.3567207e+02
   1.6690904e+03   9.2855131e+01  -2.3627913e+02
   1.6745369e+03   9.0158926e+01  -2.3687184e+02
   1.6794549e+03   8.7477321e+01  -2.3744141e+02
   1.6838253e+03   8.4917415e+01  -2.3797648e+02
   2.9165095e+02   7.5871792e+01  -1.4992112e+02
   2.9473030e+02   7.1720063e+01  -1.5088950e+02
   2.9777004e+02   6.7620165e+01  -1.5184885e+02
   3.0073325e+02   6.3603375e+01  -1.5277754e+02
   3.0358402e+02   5.9695396e+01  -1.5365193e+02
   3.0628801e+02   5.5916679e+01  -1.5444716e+02
   3.0881336e+02   5.2282932e+01  -1.5513828e+02
   3.1113209e+02   4.8805833e+01  -1.5570177e+02
   3.1322157e+02   4.5493946e+01  -1.5611732e+02
   3.1506599e+02   4.2353806e+01  -1.5636967e+02
   3.1665744e+02   3.9391071e+01  -1.5645027e+02
   3.1799649e+02   3.6611584e+01  -1.5635866e+02
   3.1909209e+02   3.4022162e+01  -1.5610319e+02
   3.1996074e+02   3.1630952e+01  -1.5570095e+02
   3.2062524e+02   2.9447225e+01  -1.5517692e+02
   3.2111283e+02   2.7480600e+01  -1.5456220e+02
   3.2145334e+02   2.5739772e+01  -1.5389175e+02
   3.2167713e+02   2.4230941e+01  -1.5320155e+02
   3.2181335e+02   2.2956234e+01  -1.5252590e+02
   3.2188842e+02   2.1912409e+01  -1.5189487e+02
   3.2192503e+02   2.1090131e+01  -1.5133243e+02
   3.2194148e+02   2.0473917e+01  -1.5085530e+02
   3.2195152e+02   2.0042787e+01  -1.5047263e+02
   3.2196458e+02   1.9771453e+01  -1.5018633e+02
   3.2198615e+02   1.9631890e+01  -1.4999202e+02
   3.2201848e+02   1.9595046e+01  -1.4988029e+02
   3.2206128e+02   1.9632525e+01  -1.4983816e+02
   3.2211250e+02   1.9718072e+01  -1.4985061e+02
   3.2216901e+02   1.9828756e+01  -1.4990200e+02
   3.2222727e+02   1.9945772e+01  -1.4997730e+02
   3.2228384e+02   2.0054850e+01  -1.5006309e+02
   3.2233576e+02   2.0146267e+01  -1.5014828e+02
   3.2238080e+02   2.0214524e+01  -1.5022444e+02
   3.2241758e+02   2.0257754e+01  -1.5028594e+02
   3.2244556e+02   2.0276955e+01  -1.5032978e+02
   3.2246499e+02   2.0275144e+01  -1.5035524e+02
   3.2247669e+02   2.0256519e+01  -1.5036344e+02
   3.2248191e+02   2.0225714e+01  -1.5035672e+02
   3.2248207e+02   2.0187190e+01  -1.5033820e+02
   3.2247864e+02   2.0144807e+01  -1.5031123e+02
   3.2247292e+02   2.0101571e+01  -1.5027901e+02
   3.2246593e+02   2.0059551e+01  -1.5024427e+02
   3.2245842e+02   2.0019942e+01  -1.5020917e+02
   3.2245076e+02   1.9983226e+01  -1.5017515e+02
   3.2244308e+02   1.9949400e+01  -1.5014308e+02
   3.2243530e+02   1.9918218e+01  -1.5011328e+02
   3.2242727e+02   1.9889412e+01  -1.5008575e+02
   3.2241884e+02   1.9862863e+01  -1.5006029e+02
   3.2240999e+02   1.9838688e+01  -1.5003667e+02
   3.2240085e+02   1.9817268e+01  -1.5001470e+02
   3.2239178e+02   1.9799187e+01  -1.4999433e+02
   3.2238330e+02   1.9785131e+01  -1.4997563e+02
   3.2237603e+02   1.9775763e+01  -1.4995876e+02
   3.2237066e+02   1.9771593e+01  -1.4994399e+02
   3.2236784e+02   1.9772887e+01  -1.4993158e+02
   3.2236813e+02   1.9779611e+01  -1.4992182e+02
   3.2237193e+02   1.9791432e+01  -1.4991506e+02
   3.2237948e+02   1.9807756e+01  -1.4991174e+02
   3.2239089e+02   1.9827806e+01  -1.4991252e+02
   3.2240612e+02   1.9850713e+01  -1.4991838e+02
   3.2242503e+02   1.9875611e+01  -1.4993075e+02
   3.2244742e+02   1.9901726e+01  -1.4995163e+02
   3.2247299e+02   1.9928456e+01  -1.4998360e+02
   3.2250140e+02   1.9955430e+01  -1.5002980e+02
   3.2253213e+02   1.9982573e+01  -1.5009388e+02
   3.2256453e+02   2.0010144e+01  -1.5017974e+02
   3.2259767e+02   2.0038776e+01  -1.5029133e+02
   3.2263036e+02   2.0069482e+01  -1.5043231e+02
   3.2266107e+02   2.0103633e+01  -1.5060580e+02
   3.2268801e+02   2.0142893e+01  -1.5081402e+02
   3.2270919e+02   2.0189102e+01  -1.5105811e+02
   3.2272259e+02   2.0244129e+01  -1.5133798e+02
   3.2272635e+02   2.0309708e+01  -1.5165224e+02
   3.2271902e+02   2.0387266e+01  -1.5199819e+02
   3.2269975e+02   2.0477786e+01  -1.5237195e+02
   3.2266855e+02   2.0581692e+01  -1.5276857e+02
   3.2262639e+02   2.0698799e+01  -1.5318219e+02
   3.2257528e+02   2.0828307e+01  -1.5360628e+02
   3.2251822e+02   2.0968872e+01  -1.5403379e+02
   3.2245910e+02   2.1118732e+01  -1.5445738e+02
   3.2240246e+02   2.1275885e+01  -1.5486962e+02
   3.2235324e+02   2.1438304e+01  -1.5526321e+02
   3.2231643e+02   2.1604172e+01  -1.5563120e+02
   3.2229673e+02   2.1772115e+01  -1.5596720e+02
   3.2229830e+02   2.1941412e+01  -1.5626560e+02
   3.2232446e+02   2.2112182e+01  -1.5652175e+02
   3.2237754e+02   2.2285519e+01  -1.5673214e+02
   3.2245890e+02   2.2463571e+01  -1.5689450e+02
   3.2256896e+02   2.2649549e+01  -1.5700792e+02
   3.2270745e+02   2.2847644e+01  -1.5707286e+02
   3.2287371e+02   2.3062854e+01  -1.5709107e+02
   3.2306702e+02   2.3300703e+01  -1.5706546e+02
   3.2328705e+02   2.3566865e+01  -1.5699998e+02
   3.2353413e+02   2.3866724e+01  -1.5689933e+02
   3.2380954e+02   2.4204900e+01  -1.5676875e+02
   3.2411567e+02   2.4584800e+01  -1.5661377e+02
   3.2445597e+02   2.5008233e+01  -1.5643992e+02
   3.2483485e+02   2.5475177e+01  -1.5625253e+02
   3.2525738e+02   2.5983718e+01  -1.5605656e+02
   3.2572892e+02   2.6530223e+01  -1.5585643e+02
   3.2625465e+02   2.7109753e+01  -1.5565605e+02
   3.2683911e+02   2.7716734e+01  -1.5545879e+02
   3.2748578e+02   2.8345838e+01  -1.5526761e+02
   3.2819669e+02   2.8993053e+01  -1.5508519e+02
   3.2897220e+02   2.9656847e+01  -1.5491412e+02
   3.2981101e+02   3.0339338e+01  -1.5475709e+02
   3.3071038e+02   3.1047357e+01  -1.5461700e+02
   3.3166673e+02   3.1793283e+01  -1.5449707e+02
   3.3267650e+02   3.2595502e+01  -1.5440083e+02
   3.3373741e+02   3.3478421e+01  -1.5433196e+02
   3.3485009e+02   3.4471930e+01  -1.5429410e+02
   3.3601986e+02   3.5610301e+01  -1.5429037e+02
   3.3725868e+02   3.6930539e+01  -1.5432298e+02
   3.3858714e+02   3.8470223e+01  -1.5439262e+02
   3.4003608e+02   4.0264962e+01  -1.5449796e+02
   3.4164785e+02   4.2345618e+01  -1.5463504e+02
   3.4347702e+02   4.4735487e+01  -1.5479697e+02
   3.4559014e+02   4.7447681e+01  -1.5497358e+02
   3.4806488e+02   5.0482948e+01  -1.5515140e+02
   3.5098810e+02   5.3828167e+01  -1.5531383e+02
   3.5445312e+02   5.7455685e+01  -1.5544167e+02
   3.5855613e+02   6.1323636e+01  -1.5551381e+02
   3.6339186e+02   6.5377241e+01  -1.5550840e+02
   3.6904886e+02   6.9551033e+01  -1.5540418e+02
   3.7560454e+02   7.3771855e+01  -1.5518201e+02
   3.8312052e+02   7.7962386e+01  -1.5482655e+02
   3.9163869e+02   8.2044942e+01  -1.5432778e+02
   4.0117841e+02   8.5945228e+01  -1.5368224e+02
   4.1173513e+02   8.9595774e+01  -1.5289394e+02
   4.2328077e+02   9.2938784e+01  -1.5197453e+02
   4.3576578e+02   9.5928219e+01  -1.5094296e+02
   4.4912281e+02   9.8530984e+01  -1.4982437e+02
   4.6327148e+02   1.0072719e+02  -1.4864854e+02
   4.7812390e+02   1.0250954e+02  -1.4744791e+02
   4.9359022e+02   1.0388198e+02  -1.4625551e+02
   5.0958367e+02   1.0485774e+02  -1.4510288e+02
   5.2602467e+02   1.0545714e+02  -1.4401831e+02
   5.4284371e+02   1.0570514e+02  -1.4302535e+02
   5.5998281e+02   1.0562914e+02  -1.4214191e+02
   5.7739579e+02   1.0525689e+02  -1.4137969e+02
   5.9504748e+02   1.0461487e+02  -1.4074420e+02
   6.1291214e+02   1.0372710e+02  -1.4023513e+02
   6.3097157e+02   1.0261441e+02  -1.3984708e+02
   6.4921308e+02   1.0129418e+02  -1.3957053e+02
   6.6762765e+02   9.9780462e+01  -1.3939298e+02
   6.8620844e+02   9.8084448e+01  -1.3930011e+02
   7.0494981e+02   9.6215144e+01  -1.3927696e+02
   7.2384674e+02   9.4180178e+01  -1.3930896e+02
   7.4289465e+02   9.1986627e+01  -1.3938276e+02
   7.6208955e+02   8.9641796e+01  -1.3948690e+02
   7.8142832e+02   8.7153867e+01  -1.3961211e+02
   8.0090901e+02   8.4532400e+01  -1.3975149e+02
   8.2053108e+02   8.1788652e+01  -1.3990038e+02
   8.4029536e+02   7.8935768e+01  -1.4005600e+02
   8.6020393e+02   7.5988847e+01  -1.4021707e+02
   8.8025965e+02   7.2964956e+01  -1.4038323e+02
   9.0046564e+02   6.9883127e+01  -1.4055454e+02
   9.2082460e+02   6.6764346e+01  -1.4073104e+02
   9.4133813e+02   6.3631560e+01  -1.4091237e+02
   9.6200603e+02   6.0509671e+01  -1.4109767e+02
   9.8282577e+02   5.7425484e+01  -1.4128552e+02
   1.0037920e+03   5.4407590e+01  -1.4147419e+02
   1.0248965e+03   5.1486166e+01  -1.4166191e+02
   1.0461274e+03   4.8692664e+01  -1.4184738e+02
   1.0674701e+03   4.6059412e+01  -1.4203028e+02
   1.0889067e+03   4.3619118e+01  -1.4221177e+02
   1.1104166e+03   4.1404296e+01  -1.4239495e+02
   1.1319768e+03   3.9446626e+01  -1.4258516e+02
   1.1535621e+03   3.7776283e+01  -1.4279011e+02
   1.1751456e+03   3.6421239e+01  -1.4301973e+02
   1.1966986e+03   3.5406560e+01  -1.4328583e+02
   1.2181910e+03   3.4753726e+01  -1.4360143e+02
   1.2395908e+03   3.4479949e+01  -1.4397994e+02
   1.2608646e+03   3.4597520e+01  -1.4443413e+02
   1.2819767e+03   3.5113160e+01  -1.4497507e+02
   1.3028887e+03   3.6027392e+01  -1.4561109e+02
   1.3235597e+03   3.7333947e+01  -1.4634685e+02
   1.3439456e+03   3.9019220e+01  -1.4718264e+02
   1.3639991e+03   4.1061796e+01  -1.4811402e+02
   1.3836700e+03   4.3432084e+01  -1.4913181e+02
   1.4029056e+03   4.6092069e+01  -1.5022247e+02
   1.4216512e+03   4.8995251e+01  -1.5136889e+02
   1.4398515e+03   5.2086806e+01  -1.5255144e+02
   1.4574521e+03   5.5304045e+01  -1.5374936e+02
   1.4744006e+03   5.8577251e+01  -1.5494215e+02
   1.4906488e+03   6.1830948e+01  -1.5611103e+02
   1.5061544e+03   6.4985656e+01  -1.5724012e+02
   1.5208825e+03   6.7960142e+01  -1.5831749e+02
   1.5348074e+03   7.0674112e+01  -1.5933577e+02
   1.5479136e+03   7.3051266e+01  -1.6029243e+02
   1.5601963e+03   7.5022572e+01  -1.6118958e+02
   1.5716620e+03   7.6529583e+01  -1.6203343e+02
   1.5823276e+03   7.7527623e+01  -1.6283338e+02
   1.5922193e+03   7.7988613e+01  -1.6360086e+02
   1.6013709e+03   7.7903361e+01  -1.6434791e+02
   1.6098213e+03   7.7283078e+01  -1.6508581e+02
   1.6176116e+03   7.6159974e+01  -1.6582365e+02
   1.6247822e+03   7.4586739e+01  -1.6656721e+02
   1.6313697e+03   7.2634833e+01  -1.6731808e+02
   1.6374042e+03   7.0391506e+01  -1.6807317e+02
   1.6429078e+03   6.7955611e+01  -1.6882486e+02
   1.6478931e+03   6.5432323e+01  -1.6956144e+02
   1.6523642e+03   6.2927032e+01  -1.7026827e+02
   1.6563185e+03   6.0538787e+01  -1.7092926e+02
   3.5026180e+02   1.0789201e+02  -2.0971587e+02
   3.5375945e+02   1.0231061e+02  -2.1126922e+02
   3.5720118e+02   9.6799422e+01  -2.1280195e+02
   3.6054443e+02   9.1393057e+01  -2.1428705e+02
   3.6375080e+02   8.6120461e+01  -2.1569462e+02
   3.6678692e+02   8.1005674e+01  -2.1699267e+02
   3.6962548e+02   7.6068413e+01  -2.1814874e+02
   3.7224612e+02   7.1324481e+01  -2.1913214e+02
   3.7463624e+02   6.6786134e+01  -2.1991667e+02
   3.7679133e+02   6.2462557e+01  -2.2048343e+02
   3.7871469e+02   5.8360495e+01  -2.2082335e+02
   3.8041663e+02   5.4485019e+01  -2.2093897e+02
   3.8191305e+02   5.0840315e+01  -2.2084518e+02
   3.8322376e+02   4.7430359e+01  -2.2056863e+02
   3.8437059e+02   4.4259304e+01  -2.2014586e+02
   3.8537578e+02   4.1331497e+01  -2.1962027e+02
   3.8626045e+02   3.8651048e+01  -2.1903831e+02
   3.8704361e+02   3.6221033e+01  -2.1844552e+02
   3.8774153e+02   3.4042471e+01  -2.1788273e+02
   3.8836749e+02   3.2113303e+01  -2.1738314e+02
   3.8893186e+02   3.0427576e+01  -2.1697040e+02
   3.8944239e+02   2.8975007e+01  -2.1665800e+02
   3.8990470e+02   2.7741000e+01  -2.1644965e+02
   3.9032272e+02   2.6707110e+01  -2.1634060e+02
   3.9069919e+02   2.5851869e+01  -2.1631946e+02
   3.9103613e+02   2.5151863e+01  -2.1637027e+02
   3.9133515e+02   2.4582916e+01  -2.1647460e+02
   3.9159776e+02   2.4121259e+01  -2.1661349e+02
   3.9182558e+02   2.3744578e+01  -2.1676909e+02
   3.9202051e+02   2.3432867e+01  -2.1692584e+02
   3.9218476e+02   2.3169032e+01  -2.1707137e+02
   3.9232095e+02   2.2939240e+01  -2.1719678e+02
   3.9243205e+02   2.2732995e+01  -2.1729674e+02
   3.9252134e+02   2.2542992e+01  -2.1736916e+02
   3.9259229e+02   2.2364757e+01  -2.1741465e+02
   3.9264849e+02   2.2196153e+01  -2.1743587e+02
   3.9269345e+02   2.2036803e+01  -2.1743684e+02
   3.9273052e+02   2.1887490e+01  -2.1742220e+02
   3.9276273e+02   2.1749594e+01  -2.1739665e+02
   3.9279272e+02   2.1624610e+01  -2.1736444e+02
   3.9282264e+02   2.1513771e+01  -2.1732905e+02
   3.9285407e+02   2.1417799e+01  -2.1729304e+02
   3.9288806e+02   2.1336777e+01  -2.1725796e+02
   3.9292511e+02   2.1270130e+01  -2.1722452e+02
   3.9296522e+02   2.1216691e+01  -2.1719267e+02
   3.9300797e+02   2.1174827e+01  -2.1716191e+02
   3.9305259e+02   2.1142589e+01  -2.1713146e+02
   3.9309812e+02   2.1117873e+01  -2.1710050e+02
   3.9314350e+02   2.1098566e+01  -2.1706834e+02
   3.9318770e+02   2.1082660e+01  -2.1703450e+02
   3.9322987e+02   2.1068347e+01  -2.1699882e+02
   3.9326941e+02   2.1054080e+01  -2.1696140e+02
   3.9330609e+02   2.1038620e+01  -2.1692260e+02
   3.9334010e+02   2.1021065e+01  -2.1688290e+02
   3.9337210e+02   2.1000879e+01  -2.1684292e+02
   3.9340321e+02   2.0977915e+01  -2.1680325e+02
   3.9343502e+02   2.0952421e+01  -2.1676442e+02
   3.9346950e+02   2.0925035e+01  -2.1672689e+02
   3.9350896e+02   2.0896747e+01  -2.1669100e+02
   3.9355588e+02   2.0868817e+01  -2.1665698e+02
   3.9361279e+02   2.0842658e+01  -2.1662500e+02
   3.9368214e+02   2.0819677e+01  -2.1659515e+02
   3.9376602e+02   2.0801093e+01  -2.1656753e+02
   3.9386609e+02   2.0787751e+01  -2.1654220e+02
   3.9398335e+02   2.0779957e+01  -2.1651927e+02
   3.9411804e+02   2.0777363e+01  -2.1649883e+02
   3.9426960e+02   2.0778921e+01  -2.1648099e+02
   3.9443661e+02   2.0782923e+01  -2.1646582e+02
   3.9461689e+02   2.0787135e+01  -2.1645335e+02
   3.9480758e+02   2.0789016e+01  -2.1644357e+02
   3.9500536e+02   2.0785983e+01  -2.1643640e+02
   3.9520658e+02   2.0775698e+01  -2.1643176e+02
   3.9540754e+02   2.0756319e+01  -2.1642959e+02
   3.9560464e+02   2.0726686e+01  -2.1642986e+02
   3.9579455e+02   2.0686412e+01  -2.1643269e+02
   3.9597437e+02   2.0635888e+01  -2.1643829e+02
   3.9614169e+02   2.0576197e+01  -2.1644704e+02
   3.9629466e+02   2.0508958e+01  -2.1645937e+02
   3.9643195e+02   2.0436132e+01  -2.1647577e+02
   3.9655271e+02   2.0359800e+01  -2.1649666e+02
   3.9665649e+02   2.0281954e+01  -2.1652229e+02
   3.9674315e+02   2.0204317e+01  -2.1655266e+02
   3.9681272e+02   2.0128218e+01  -2.1658744e+02
   3.9686533e+02   2.0054533e+01  -2.1662596e+02
   3.9690113e+02   1.9983689e+01  -2.1666723e+02
   3.9692029e+02   1.9915742e+01  -2.1670999e+02
   3.9692301e+02   1.9850494e+01  -2.1675284e+02
   3.9690957e+02   1.9787657e+01  -2.1679439e+02
   3.9688049e+02   1.9727016e+01  -2.1683336e+02
   3.9683664e+02   1.9668578e+01  -2.1686875e+02
   3.9677937e+02   1.9612681e+01  -2.1689989e+02
   3.9671064e+02   1.9560035e+01  -2.1692650e+02
   3.9663306e+02   1.9511698e+01  -2.1694870e+02
   3.9654990e+02   1.9468966e+01  -2.1696694e+02
   3.9646496e+02   1.9433192e+01  -2.1698189e+02
   3.9638236e+02   1.9405554e+01  -2.1699438e+02
   3.9630622e+02   1.9386783e+01  -2.1700522e+02
   3.9624025e+02   1.9376912e+01  -2.1701521e+02
   3.9618732e+02   1.9375053e+01  -2.1702499e+02
   3.9614892e+02   1.9379263e+01  -2.1703517e+02
   3.9612479e+02   1.9386514e+01  -2.1704633e+02
   3.9611255e+02   1.9392802e+01  -2.1705917e+02
   3.9610754e+02   1.9393401e+01  -2.1707462e+02
   3.9610284e+02   1.9383259e+01  -2.1709400e+02
   3.9608959e+02   1.9357535e+01  -2.1711906e+02
   3.9605762e+02   1.9312239e+01  -2.1715200e+02
   3.9599640e+02   1.9244934e+01  -2.1719535e+02
   3.9589630e+02   1.9155458e+01  -2.1725173e+02
   3.9575014e+02   1.9046591e+01  -2.1732347e+02
   3.9555499e+02   1.8924620e+01  -2.1741214e+02
   3.9531405e+02   1.8799715e+01  -2.1751797e+02
   3.9503865e+02   1.8686074e+01  -2.1763927e+02
   3.9474998e+02   1.8601769e+01  -2.1777191e+02
   3.9448073e+02   1.8568278e+01  -2.1790882e+02
   3.9427615e+02   1.8609675e+01  -2.1803974e+02
   3.9419480e+02   1.8751518e+01  -2.1815120e+02
   3.9430850e+02   1.9019486e+01  -2.1822669e+02
   3.9470179e+02   1.9437841e+01  -2.1824716e+02
   3.9547068e+02   2.0027822e+01  -2.1819176e+02
   3.9672054e+02   2.0806071e+01  -2.1803885e+02
   3.9856341e+02   2.1783186e+01  -2.1776718e+02
   4.0111427e+02   2.2962518e+01  -2.1735728e+02
   4.0448674e+02   2.4339306e+01  -2.1679283e+02
   4.0878811e+02   2.5900228e+01  -2.1606203e+02
   4.1411413e+02   2.7623469e+01  -2.1515884e+02
   4.2054400e+02   2.9479334e+01  -2.1408384e+02
   4.2813587e+02   3.1431431e+01  -2.1284473e+02
   4.3692358e+02   3.3438404e+01  -2.1145636e+02
   4.4691474e+02   3.5456114e+01  -2.0994019e+02
   4.5809070e+02   3.7440115e+01  -2.0832343e+02
   4.7040815e+02   3.9348204e+01  -2.0663768e+02
   4.8380247e+02   4.1142776e+01  -2.0491746e+02
   4.9819224e+02   4.2792755e+01  -2.0319853e+02
   5.1348448e+02   4.4274910e+01  -2.0151620e+02
   5.2958019e+02   4.5574454e+01  -1.9990370e+02
   5.4637955e+02   4.6684912e+01  -1.9839077e+02
   5.6378637e+02   4.7607327e+01  -1.9700239e+02
   5.8171162e+02   4.8348939e+01  -1.9575793e+02
   6.0007570e+02   4.8921511e+01  -1.9467055e+02
   6.1880966e+02   4.9339497e+01  -1.9374696e+02
   6.3785536e+02   4.9618254e+01  -1.9298761e+02
   6.5716484e+02   4.9772453e+01  -1.9238710e+02
   6.7669920e+02   4.9814862e+01  -1.9193498e+02
   6.9642714e+02   4.9755550e+01  -1.9161674e+02
   7.1632352e+02   4.9601572e+01  -1.9141497e+02
   7.3636808e+02   4.9357086e+01  -1.9131059e+02
   7.5654437e+02   4.9023845e+01  -1.9128406e+02
   7.7683901e+02   4.8601973e+01  -1.9131662e+02
   7.9724118e+02   4.8090900e+01  -1.9139117e+02
   8.1774241e+02   4.7490378e+01  -1.9149320e+02
   8.3833642e+02   4.6801456e+01  -1.9161123e+02
   8.5901904e+02   4.6027338e+01  -1.9173707e+02
   8.7978813e+02   4.5174065e+01  -1.9186581e+02
   9.0064329e+02   4.4250961e+01  -1.9199544e+02
   9.2158558e+02   4.3270838e+01  -1.9212630e+02
   9.4261699e+02   4.2249973e+01  -1.9226034e+02
   9.6373986e+02   4.1207889e+01  -1.9240025e+02
   9.8495619e+02   4.0166983e+01  -1.9254874e+02
   1.0062670e+03   3.9152051e+01  -1.9270774e+02
   1.0276716e+03   3.8189746e+01  -1.9287798e+02
   1.0491673e+03   3.7308015e+01  -1.9305872e+02
   1.0707484e+03   3.6535525e+01  -1.9324786e+02
   1.0924067e+03   3.5901119e+01  -1.9344240e+02
   1.1141306e+03   3.5433300e+01  -1.9363906e+02
   1.1359050e+03   3.5159750e+01  -1.9383532e+02
   1.1577117e+03   3.5106896e+01  -1.9403037e+02
   1.1795290e+03   3.5299499e+01  -1.9422624e+02
   1.2013319e+03   3.5760265e+01  -1.9442862e+02
   1.2230920e+03   3.6509476e+01  -1.9464757e+02
   1.2447775e+03   3.7564606e+01  -1.9489767e+02
   1.2663539e+03   3.8939934e+01  -1.9519783e+02
   1.2877832e+03   4.0646129e+01  -1.9557055e+02
   1.3090253e+03   4.2689800e+01  -1.9604061e+02
   1.3300373e+03   4.5073013e+01  -1.9663343e+02
   1.3507750e+03   4.7792776e+01  -1.9737306e+02
   1.3711927e+03   5.0840506e+01  -1.9828001e+02
   1.3912441e+03   5.4201498e+01  -1.9936920e+02
   1.4108834e+03   5.7854410e+01  -2.0064806e+02
   1.4300658e+03   6.1770820e+01  -2.0211518e+02
   1.4487485e+03   6.5914873e+01  -2.0375952e+02
   1.4668913e+03   7.0243073e+01  -2.0556040e+02
   1.4844578e+03   7.4704270e+01  -2.0748827e+02
   1.5014158e+03   7.9239885e+01  -2.0950627e+02
   1.5177377e+03   8.3784414e+01  -2.1157238e+02
   1.5334017e+03   8.8266245e+01  -2.1364211e+02
   1.5483913e+03   9.2608828e+01  -2.1567140e+02
   1.5626961e+03   9.6732230e+01  -2.1761946e+02
   1.5763120e+03   1.0055510e+02  -2.1945137e+02
   1.5892409e+03   1.0399710e+02  -2.2114019e+02
   1.6014906e+03   1.0698175e+02  -2.2266827e+02
   1.6130748e+03   1.0943970e+02  -2.2402789e+02
   1.6240123e+03   1.1131222e+02  -2.2522094e+02
   1.6343261e+03   1.1255483e+02  -2.2625788e+02
   1.6440420e+03   1.1314073e+02  -2.2715601e+02
   1.6531875e+03   1.1306375e+02  -2.2793728e+02
   1.6617892e+03   1.1234053e+02  -2.2862583e+02
   1.6698711e+03   1.1101164e+02  -2.2924558e+02
   1.6774523e+03   1.0914132e+02  -2.2981803e+02
   1.6845446e+03   1.0681575e+02  -2.3036045e+02
   1.6911515e+03   1.0413968e+02  -2.3088470e+02
   1.6972672e+03   1.0123159e+02  -2.3139670e+02
   1.7028769e+03   9.8217411e+01  -2.3189655e+02
   1.7079591e+03   9.5223340e+01  -2.3237936e+02
   1.7124880e+03   9.2367976e+01  -2.3283655e+02
