   2.7452128e+01   3.1620990e+00  -1.7094532e+01   1.9588608e+02   8.3033752e+01  -1.9323117e+02
   2.6625040e+01   3.3300148e+00  -1.6710198e+01   1.9891999e+02   8.1396707e+01  -1.9340138e+02
   2.5810680e+01   3.4955439e+00  -1.6312339e+01   2.0196016e+02   7.9814081e+01  -1.9356311e+02
   2.5002835e+01   3.6538837e+00  -1.5913581e+01   2.0497375e+02   7.8326926e+01  -1.9370252e+02
   2.4194270e+01   3.8008911e+00  -1.5527107e+01   2.0793059e+02   7.6969825e+01  -1.9380567e+02
   2.3377523e+01   3.9334151e+00  -1.5166106e+01   2.1080341e+02   7.5768377e+01  -1.9385960e+02
   2.2545683e+01   4.0495831e+00  -1.4843078e+01   2.1356821e+02   7.4737682e+01  -1.9385331e+02
   2.1693077e+01   4.1489900e+00  -1.4569125e+01   2.1620469e+02   7.3881976e+01  -1.9377879e+02
   2.0815804e+01   4.2327882e+00  -1.4353178e+01   2.1869681e+02   7.3195336e+01  -1.9363164e+02
   1.9912052e+01   4.3036591e+00  -1.4201244e+01   2.2103320e+02   7.2663257e+01  -1.9341158e+02
   1.8982174e+01   4.3656515e+00  -1.4115772e+01   2.2320731e+02   7.2264847e+01  -1.9312259e+02
   1.8028532e+01   4.4238907e+00  -1.4095197e+01   2.2521729e+02   7.1975312e+01  -1.9277276e+02
   1.7055164e+01   4.4841471e+00  -1.4133853e+01   2.2706531e+02   7.1768478e+01  -1.9237385e+02
   1.6067342e+01   4.5523204e+00  -1.4222212e+01   2.2875670e+02   7.1619078e+01  -1.9194055e+02
   1.5071111e+01   4.6338526e+00  -1.4347573e+01   2.3029888e+02   7.1504643e+01  -1.9148952e+02
   1.4072877e+01   4.7331555e+00  -1.4495078e+01   2.3170031e+02   7.1406843e+01  -1.9103827e+02
   1.3079075e+01   4.8531059e+00  -1.4648997e+01   2.3296962e+02   7.1312225e+01  -1.9060391e+02
   1.2095944e+01   4.9946944e+00  -1.4794082e+01   2.3411514e+02   7.1212355e+01  -1.9020205e+02
   1.1129369e+01   5.1568748e+00  -1.4916861e+01   2.3514462e+02   7.1103419e+01  -1.8984571e+02
   1.0184766e+01   5.3366628e+00  -1.5006656e+01   2.3606529e+02   7.0985433e+01  -1.8954461e+02
   9.2669691e+00   5.5294641e+00  -1.5056272e+01   2.3688416e+02   7.0861196e+01  -1.8930469e+02
   8.3801166e+00   5.7295991e+00  -1.5062253e+01   2.3760824e+02   7.0735179e+01  -1.8912806e+02
   7.5275336e+00   5.9309345e+00  -1.5024765e+01   2.3824480e+02   7.0612482e+01  -1.8901319e+02
   6.7116425e+00   6.1275296e+00  -1.4947148e+01   2.3880150e+02   7.0497972e+01  -1.8895546e+02
   5.9339252e+00   6.3142031e+00  -1.4835251e+01   2.3928632e+02   7.0395666e+01  -1.8894777e+02
   5.1949573e+00   6.4869565e+00  -1.4696640e+01   2.3970746e+02   7.0308362e+01  -1.8898136e+02
   4.4945074e+00   6.6432185e+00  -1.4539756e+01   2.4007312e+02   7.0237511e+01  -1.8904653e+02
   3.8316954e+00   6.7819068e+00  -1.4373122e+01   2.4039123e+02   7.0183277e+01  -1.8913338e+02
   3.2051756e+00   6.9033222e+00  -1.4204642e+01   2.4066925e+02   7.0144734e+01  -1.8923247e+02
   2.6133268e+00   7.0089137e+00  -1.4041072e+01   2.4091395e+02   7.0120154e+01  -1.8933531e+02
   2.0544144e+00   7.1009550e+00  -1.3887667e+01   2.4113129e+02   7.0107312e+01  -1.8943475e+02
   1.5267187e+00   7.1821858e+00  -1.3748021e+01   2.4132635e+02   7.0103779e+01  -1.8952522e+02
   1.0286218e+00   7.2554539e+00  -1.3624097e+01   2.4150332e+02   7.0107168e+01  -1.8960282e+02
   5.5864939e-01   7.3234047e+00  -1.3516397e+01   2.4166549e+02   7.0115306e+01  -1.8966527e+02
   1.1547912e-01   7.3882385e+00  -1.3424238e+01   2.4181538e+02   7.0126346e+01  -1.8971174e+02
  -3.0207470e-01   7.4515566e+00  -1.3346084e+01   2.4195481e+02   7.0138802e+01  -1.8974265e+02
  -6.9509470e-01   7.5142975e+00  -1.3279886e+01   2.4208503e+02   7.0151549e+01  -1.8975934e+02
  -1.0646051e+00   7.5767527e+00  -1.3223397e+01   2.4220687e+02   7.0163783e+01  -1.8976382e+02
  -1.4116181e+00   7.6386559e+00  -1.3174435e+01   2.4232082e+02   7.0174974e+01  -1.8975839e+02
  -1.7371819e+00   7.6993166e+00  -1.3131083e+01   2.4242720e+02   7.0184828e+01  -1.8974549e+02
  -2.0424213e+00   7.7577837e+00  -1.3091806e+01   2.4252623e+02   7.0193254e+01  -1.8972741e+02
  -2.3285711e+00   7.8130108e+00  -1.3055530e+01   2.4261811e+02   7.0200356e+01  -1.8970620e+02
  -2.5969933e+00   7.8640147e+00  -1.3021632e+01   2.4270310e+02   7.0206434e+01  -1.8968360e+02
  -2.8491794e+00   7.9100008e+00  -1.2989919e+01   2.4278159e+02   7.0211997e+01  -1.8966102e+02
  -3.0867372e+00   7.9504591e+00  -1.2960547e+01   2.4285408e+02   7.0217763e+01  -1.8963958e+02
  -3.3113591e+00   7.9852217e+00  -1.2933918e+01   2.4292132e+02   7.0224647e+01  -1.8962017e+02
  -3.5247798e+00   8.0144780e+00  -1.2910580e+01   2.4298426e+02   7.0233734e+01  -1.8960353e+02
  -3.7287277e+00   8.0387611e+00  -1.2891094e+01   2.4304408e+02   7.0246220e+01  -1.8959036e+02
  -3.9248749e+00   8.0588974e+00  -1.2875943e+01   2.4310224e+02   7.0263334e+01  -1.8958133e+02
  -4.1147927e+00   8.0759354e+00  -1.2865441e+01   2.4316041e+02   7.0286250e+01  -1.8957724e+02
  -4.2999163e+00   8.0910531e+00  -1.2859687e+01   2.4322043e+02   7.0315997e+01  -1.8957895e+02
  -4.4815250e+00   8.1054590e+00  -1.2858544e+01   2.4328429e+02   7.0353378e+01  -1.8958751e+02
  -4.6607310e+00   8.1202906e+00  -1.2861654e+01   2.4335401e+02   7.0398920e+01  -1.8960411e+02
  -4.8384831e+00   8.1365207e+00  -1.2868481e+01   2.4343154e+02   7.0452854e+01  -1.8963007e+02
  -5.0155787e+00   8.1548833e+00  -1.2878374e+01   2.4351870e+02   7.0515145e+01  -1.8966690e+02
  -5.1926776e+00   8.1758312e+00  -1.2890629e+01   2.4361706e+02   7.0585559e+01  -1.8971619e+02
  -5.3703222e+00   8.1995158e+00  -1.2904604e+01   2.4372788e+02   7.0663771e+01  -1.8977973e+02
  -5.5489542e+00   8.2258061e+00  -1.2919817e+01   2.4385210e+02   7.0749490e+01  -1.8985940e+02
  -5.7289324e+00   8.2543346e+00  -1.2936070e+01   2.4399027e+02   7.0842595e+01  -1.8995730e+02
  -5.9105485e+00   8.2845646e+00  -1.2953564e+01   2.4414263e+02   7.0943243e+01  -1.9007571e+02
  -6.0940458e+00   8.3158698e+00  -1.2973003e+01   2.4430912e+02   7.1051952e+01  -1.9021711e+02
  -6.2796371e+00   8.3476109e+00  -1.2995678e+01   2.4448946e+02   7.1169644e+01  -1.9038422e+02
  -6.4675279e+00   8.3792099e+00  -1.3023492e+01   2.4468322e+02   7.1297632e+01  -1.9057995e+02
  -6.6579373e+00   8.4102035e+00  -1.3058950e+01   2.4488989e+02   7.1437583e+01  -1.9080737e+02
  -6.8511263e+00   8.4402755e+00  -1.3105088e+01   2.4510895e+02   7.1591439e+01  -1.9106957e+02
  -7.0474220e+00   8.4692758e+00  -1.3165312e+01   2.4533992e+02   7.1761322e+01  -1.9136958e+02
  -7.2472458e+00   8.4972201e+00  -1.3243175e+01   2.4558234e+02   7.1949441e+01  -1.9171016e+02
  -7.4511466e+00   8.5242818e+00  -1.3342080e+01   2.4583584e+02   7.2158003e+01  -1.9209357e+02
  -7.6598295e+00   8.5507733e+00  -1.3464945e+01   2.4610005e+02   7.2389149e+01  -1.9252139e+02
  -7.8741855e+00   8.5771158e+00  -1.3613881e+01   2.4637465e+02   7.2644923e+01  -1.9299423e+02
  -8.0953057e+00   8.6038008e+00  -1.3789895e+01   2.4665935e+02   7.2927267e+01  -1.9351152e+02
  -8.3244818e+00   8.6313388e+00  -1.3992692e+01   2.4695388e+02   7.3238040e+01  -1.9407127e+02
  -8.5631894e+00   8.6602042e+00  -1.4220543e+01   2.4725807e+02   7.3579058e+01  -1.9466995e+02
  -8.8130468e+00   8.6907713e+00  -1.4470313e+01   2.4757192e+02   7.3952134e+01  -1.9530237e+02
  -9.0757606e+00   8.7232591e+00  -1.4737570e+01   2.4789564e+02   7.4359119e+01  -1.9596169e+02
  -9.3530574e+00   8.7576831e+00  -1.5016814e+01   2.4822979e+02   7.4801932e+01  -1.9663949e+02
  -9.6466121e+00   8.7938289e+00  -1.5301765e+01   2.4857533e+02   7.5282580e+01  -1.9732587e+02
  -9.9579797e+00   8.8312465e+00  -1.5585720e+01   2.4893368e+02   7.5803165e+01  -1.9800974e+02
  -1.0288537e+01   8.8692742e+00  -1.5861898e+01   2.4930675e+02   7.6365880e+01  -1.9867906e+02
  -1.0639444e+01   8.9070885e+00  -1.6123780e+01   2.4969695e+02   7.6972996e+01  -1.9932121e+02
  -1.1011622e+01   8.9437727e+00  -1.6365403e+01   2.5010711e+02   7.7626863e+01  -1.9992333e+02
  -1.1405763e+01   8.9784009e+00  -1.6581601e+01   2.5054041e+02   7.8329909e+01  -2.0047272e+02
  -1.1822343e+01   9.0101313e+00  -1.6768143e+01   2.5100031e+02   7.9084648e+01  -2.0095724e+02
  -1.2261666e+01   9.0382818e+00  -1.6921849e+01   2.5149035e+02   7.9893714e+01  -2.0136573e+02
  -1.2723899e+01   9.0624043e+00  -1.7040585e+01   2.5201415e+02   8.0759893e+01  -2.0168833e+02
  -1.3209116e+01   9.0823201e+00  -1.7123264e+01   2.5257525e+02   8.1686158e+01  -2.0191689e+02
  -1.3717334e+01   9.0981367e+00  -1.7169770e+01   2.5317712e+02   8.2675694e+01  -2.0204524e+02
  -1.4248530e+01   9.1102264e+00  -1.7180902e+01   2.5382318e+02   8.3731897e+01  -2.0206944e+02
  -1.4802661e+01   9.1191862e+00  -1.7158274e+01   2.5451681e+02   8.4858334e+01  -2.0198794e+02
  -1.5379648e+01   9.1257736e+00  -1.7104227e+01   2.5526156e+02   8.6058656e+01  -2.0180166e+02
  -1.5979373e+01   9.1308359e+00  -1.7021738e+01   2.5606122e+02   8.7336476e+01  -2.0151397e+02
  -1.6601655e+01   9.1352357e+00  -1.6914329e+01   2.5692013e+02   8.8695203e+01  -2.0113052e+02
  -1.7246232e+01   9.1397898e+00  -1.6785984e+01   2.5784332e+02   9.0137862e+01  -2.0065903e+02
  -1.7912750e+01   9.1452114e+00  -1.6641100e+01   2.5883680e+02   9.1666917e+01  -2.0010898e+02
  -1.8600765e+01   9.1520763e+00  -1.6484443e+01   2.5990780e+02   9.3284126e+01  -1.9949121e+02
  -1.9309760e+01   9.1607925e+00  -1.6321161e+01   2.6106495e+02   9.4990435e+01  -1.9881751e+02
  -2.0039188e+01   9.1715895e+00  -1.6156799e+01   2.6231849e+02   9.6785956e+01  -1.9810022e+02
  -2.0788525e+01   9.1845251e+00  -1.5997311e+01   2.6368045e+02   9.8670003e+01  -1.9735175e+02
  -2.1557340e+01   9.1994853e+00  -1.5849098e+01   2.6516478e+02   1.0064121e+02  -1.9658426e+02
  -2.2345382e+01   9.2162099e+00  -1.5718994e+01   2.6678747e+02   1.0269771e+02  -1.9580924e+02
  -2.3152653e+01   9.2343164e+00  -1.5614215e+01   2.6856656e+02   1.0483741e+02  -1.9503720e+02
  -2.3979480e+01   9.2533390e+00  -1.5542262e+01   2.7052217e+02   1.0705820e+02  -1.9427743e+02
  -2.4826566e+01   9.2727782e+00  -1.5510752e+01   2.7267639e+02   1.0935831e+02  -1.9353773e+02
  -2.5694997e+01   9.2921613e+00  -1.5527200e+01   2.7505315e+02   1.1173656e+02  -1.9282423e+02
  -2.6586214e+01   9.3111137e+00  -1.5598738e+01   2.7767796e+02   1.1419259e+02  -1.9214129e+02
  -2.7501928e+01   9.3294260e+00  -1.5731828e+01   2.8057751e+02   1.1672699e+02  -1.9149140e+02
  -2.8443983e+01   9.3471116e+00  -1.5931962e+01   2.8377922e+02   1.1934134e+02  -1.9087512e+02
  -2.9414173e+01   9.3644425e+00  -1.6203390e+01   2.8731063e+02   1.2203811e+02  -1.9029114e+02
  -3.0414011e+01   9.3819320e+00  -1.6548932e+01   2.9119862e+02   1.2482038e+02  -1.8973632e+02
  -3.1444485e+01   9.4003018e+00  -1.6969759e+01   2.9546857e+02   1.2769147e+02  -1.8920579e+02
  -3.2505799e+01   9.4203764e+00  -1.7465278e+01   3.0014335e+02   1.3065438e+02  -1.8869312e+02
  -3.3597134e+01   9.4429721e+00  -1.8032980e+01   3.0524233e+02   1.3371121e+02  -1.8819059e+02
  -3.4716452e+01   9.4687637e+00  -1.8668283e+01   3.1078039e+02   1.3686249e+02  -1.8768961e+02
  -3.5860337e+01   9.4982013e+00  -1.9364316e+01   3.1676709e+02   1.4010661e+02  -1.8718126e+02
  -3.7023939e+01   9.5314620e+00  -2.0111713e+01   3.2320610e+02   1.4343927e+02  -1.8665716e+02
  -3.8200984e+01   9.5684926e+00  -2.0898409e+01   3.3009503e+02   1.4685312e+02  -1.8611039e+02
  -3.9383889e+01   9.6090913e+00  -2.1709649e+01   3.3742572e+02   1.5033769e+02  -1.8553665e+02
  -4.0563972e+01   9.6529793e+00  -2.2528388e+01   3.4518500e+02   1.5387948e+02  -1.8493525e+02
  -4.1731736e+01   9.6998128e+00  -2.3336203e+01   3.5335600e+02   1.5746243e+02  -1.8430989e+02
  -4.2877215e+01   9.7490786e+00  -2.4114680e+01   3.6191976e+02   1.6106868e+02  -1.8366877e+02
  -4.3990351e+01   9.7998363e+00  -2.4847234e+01   3.7085712e+02   1.6467966e+02  -1.8302406e+02
  -4.5061385e+01   9.8504066e+00  -2.5520796e+01   3.8015049e+02   1.6827729e+02  -1.8239052e+02
  -4.6081185e+01   9.8981507e+00  -2.6126859e+01   3.8978540e+02   1.7184496e+02  -1.8178376e+02
  -4.7041469e+01   9.9394515e+00  -2.6661600e+01   3.9975125e+02   1.7536748e+02  -1.8121844e+02
  -4.7934864e+01   9.9700455e+00  -2.7124837e+01   4.1004139e+02   1.7882989e+02  -1.8070711e+02
  -4.8754858e+01   9.9855123e+00  -2.7518577e+01   4.2065213e+02   1.8221540e+02  -1.8025960e+02
  -4.9495718e+01   9.9818170e+00  -2.7845549e+01   4.3158111e+02   1.8550346e+02  -1.7988290e+02
  -5.0152448e+01   9.9557269e+00  -2.8108229e+01   4.4282546e+02   1.8866874e+02  -1.7958121e+02
  -5.0720813e+01   9.9050488e+00  -2.8308506e+01   4.5438017e+02   1.9168139e+02  -1.7935605e+02
  -5.1197393e+01   9.8287419e+00  -2.8447779e+01   4.6623710e+02   1.9450825e+02  -1.7920622e+02
  -5.1579638e+01   9.7269329e+00  -2.8527363e+01   4.7838485e+02   1.9711482e+02  -1.7912793e+02
  -5.1865905e+01   9.6008733e+00  -2.8548991e+01   4.9080927e+02   1.9946752e+02  -1.7911501e+02
  -5.2055463e+01   9.4528597e+00  -2.8515226e+01   5.0349443e+02   2.0153587e+02  -1.7915937e+02
  -5.2148479e+01   9.2861122e+00  -2.8429680e+01   5.1642382e+02   2.0329441e+02  -1.7925168e+02
  -5.2145975e+01   9.1046024e+00  -2.8296999e+01   5.2958129e+02   2.0472408e+02  -1.7938226e+02
  -5.2049752e+01   8.9128382e+00  -2.8122627e+01   5.4295178e+02   2.0581283e+02  -1.7954199e+02
  -5.1862273e+01   8.7155965e+00  -2.7912443e+01   5.5652164e+02   2.0655553e+02  -1.7972303e+02
  -5.1586490e+01   8.5176334e+00  -2.7672356e+01   5.7027879e+02   2.0695309e+02  -1.7991940e+02
  -5.1225653e+01   8.3233846e+00  -2.7407970e+01   5.8421271e+02   2.0701110e+02  -1.8012713e+02
  -5.0783082e+01   8.1366864e+00  -2.7124397e+01   5.9831450e+02   2.0673817e+02  -1.8034414e+02
  -5.0261977e+01   7.9605676e+00  -2.6826188e+01   6.1257692e+02   2.0614438e+02  -1.8056995e+02
  -4.9665242e+01   7.7970834e+00  -2.6517480e+01   6.2699460e+02   2.0523996e+02  -1.8080522e+02
  -4.8995387e+01   7.6472668e+00  -2.6202168e+01   6.4156414e+02   2.0403440e+02  -1.8105136e+02
  -4.8254472e+01   7.5111322e+00  -2.5884170e+01   6.5628421e+02   2.0253600e+02  -1.8131011e+02
  -4.7444121e+01   7.3877780e+00  -2.5567629e+01   6.7115561e+02   2.0075193e+02  -1.8158336e+02
  -4.6565571e+01   7.2755501e+00  -2.5257024e+01   6.8618109e+02   1.9868845e+02  -1.8187286e+02
  -4.5619754e+01   7.1722518e+00  -2.4957183e+01   7.0136515e+02   1.9635153e+02  -1.8218019e+02
  -4.4607393e+01   7.0754038e+00  -2.4673058e+01   7.1671369e+02   1.9374732e+02  -1.8250661e+02
  -4.3529092e+01   6.9824813e+00  -2.4409504e+01   7.3223358e+02   1.9088275e+02  -1.8285298e+02
  -4.2385408e+01   6.8911680e+00  -2.4170827e+01   7.4793219e+02   1.8776590e+02  -1.8321962e+02
  -4.1176914e+01   6.7995427e+00  -2.3960446e+01   7.6381690e+02   1.8440635e+02  -1.8360622e+02
  -3.9904245e+01   6.7062267e+00  -2.3780527e+01   7.7989468e+02   1.8081529e+02  -1.8401173e+02
  -3.8568118e+01   6.6104511e+00  -2.3631800e+01   7.9617171e+02   1.7700558e+02  -1.8443421e+02
  -3.7169371e+01   6.5120633e+00  -2.3513499e+01   8.1265310e+02   1.7299179e+02  -1.8487092e+02
  -3.5708970e+01   6.4114420e+00  -2.3423526e+01   8.2934272e+02   1.6879014e+02  -1.8531828e+02
  -3.4188045e+01   6.3093874e+00  -2.3358779e+01   8.4624308e+02   1.6441853e+02  -1.8577212e+02
  -3.2607891e+01   6.2069461e+00  -2.3315562e+01   8.6335536e+02   1.5989660e+02  -1.8622789e+02
  -3.0969981e+01   6.1052124e+00  -2.3290210e+01   8.8067937e+02   1.5524583e+02  -1.8668099e+02
  -2.9275970e+01   6.0051613e+00  -2.3279534e+01   8.9821368e+02   1.5048961e+02  -1.8712713e+02
  -2.7527683e+01   5.9074943e+00  -2.3281260e+01   9.1595563e+02   1.4565338e+02  -1.8756271e+02
  -2.5727121e+01   5.8125552e+00  -2.3294230e+01   9.3390141e+02   1.4076464e+02  -1.8798508e+02
  -2.3876460e+01   5.7203103e+00  -2.3318388e+01   9.5204597e+02   1.3585287e+02  -1.8839275e+02
  -2.1978084e+01   5.6304136e+00  -2.3354463e+01   9.7038303e+02   1.3094933e+02  -1.8878554e+02
  -2.0034640e+01   5.5423318e+00  -2.3403521e+01   9.8890482e+02   1.2608685e+02  -1.8916455e+02
  -1.8049107e+01   5.4555140e+00  -2.3466297e+01   1.0076020e+03   1.2129933e+02  -1.8953201e+02
  -1.6024893e+01   5.3695732e+00  -2.3542563e+01   1.0264631e+03   1.1662141e+02  -1.8989109e+02
  -1.3965945e+01   5.2844463e+00  -2.3630556e+01   1.0454744e+03   1.1208790e+02  -1.9024555e+02
  -1.1876832e+01   5.2005018e+00  -2.3726556e+01   1.0646195e+03   1.0773331e+02  -1.9059936e+02
  -9.7628199e+00   5.1185751e+00  -2.3824721e+01   1.0838790e+03   1.0359125e+02  -1.9095623e+02
  -7.6298890e+00   5.0399204e+00  -2.3917223e+01   1.1032296e+03   9.9693941e+01  -1.9131925e+02
  -5.4847121e+00   4.9660920e+00  -2.3994548e+01   1.1226446e+03   9.6071525e+01  -1.9169047e+02
  -3.3345691e+00   4.8987664e+00  -2.4046042e+01   1.1420931e+03   9.2751475e+01  -1.9207059e+02
  -1.1872116e+00   4.8395617e+00  -2.4060507e+01   1.1615402e+03   8.9757904e+01  -1.9245873e+02
   9.4931899e-01   4.7897843e+00  -2.4027037e+01   1.1809472e+03   8.7110924e+01  -1.9285237e+02
   3.0668834e+00   4.7502799e+00  -2.3935660e+01   1.2002717e+03   8.4825961e+01  -1.9324740e+02
   5.1574273e+00   4.7213008e+00  -2.3778041e+01   1.2194686e+03   8.2913170e+01  -1.9363840e+02
   7.2131369e+00   4.7024583e+00  -2.3548052e+01   1.2384902e+03   8.1376905e+01  -1.9401900e+02
   9.2265081e+00   4.6927229e+00  -2.3242334e+01   1.2572875e+03   8.0215300e+01  -1.9438253e+02
   1.1190365e+01   4.6905432e+00  -2.2860652e+01   1.2758106e+03   7.9419963e+01  -1.9472265e+02
   1.3097776e+01   4.6940059e+00  -2.2406150e+01   1.2940095e+03   7.8975794e+01  -1.9503416e+02
   1.4941903e+01   4.7010560e+00  -2.1885466e+01   1.3118348e+03   7.8860911e+01  -1.9531378e+02
   1.6715803e+01   4.7097256e+00  -2.1308662e+01   1.3292381e+03   7.9046719e+01  -1.9556082e+02
   1.8412224e+01   4.7183591e+00  -2.0688959e+01   1.3461724e+03   7.9498084e+01  -1.9577767e+02
   2.0023410e+01   4.7257999e+00  -2.0042264e+01   1.3625927e+03   8.0173639e+01  -1.9597001e+02
   2.1540977e+01   4.7314862e+00  -1.9386530e+01   1.3784564e+03   8.1026321e+01  -1.9614670e+02
   2.2955893e+01   4.7355407e+00  -1.8740748e+01   1.3937241e+03   8.2004141e+01  -1.9631932e+02
   2.4258549e+01   4.7387062e+00  -1.8124005e+01   1.4083606e+03   8.3051281e+01  -1.9650147e+02
   2.5438978e+01   4.7422926e+00  -1.7554244e+01   1.4223359e+03   8.4109584e+01  -1.9670777e+02
   2.6487177e+01   4.7480539e+00  -1.7047129e+01   1.4356265e+03   8.5120397e+01  -1.9695297e+02
   2.7393563e+01   4.7580548e+00  -1.6615036e+01   1.4482163e+03   8.6026770e+01  -1.9725091e+02
   2.8149511e+01   4.7744970e+00  -1.6266328e+01   1.4600979e+03   8.6775854e+01  -1.9761375e+02
   2.8747999e+01   4.7995563e+00  -1.6004988e+01   1.4712724e+03   8.7321396e+01  -1.9805124e+02
   2.9184284e+01   4.8352098e+00  -1.5830593e+01   1.4817499e+03   8.7626069e+01  -1.9857019e+02
   2.9456618e+01   4.8830669e+00  -1.5738718e+01   1.4915483e+03   8.7663547e+01  -1.9917413e+02
   2.9566902e+01   4.9442185e+00  -1.5721522e+01   1.5006920e+03   8.7420065e+01  -1.9986291e+02
   2.9521250e+01   5.0190996e+00  -1.5768628e+01   1.5092095e+03   8.6895373e+01  -2.0063257e+02
   2.9330377e+01   5.1073637e+00  -1.5868068e+01   1.5171314e+03   8.6102994e+01  -2.0147517e+02
   2.9009713e+01   5.2078570e+00  -1.6007094e+01   1.5244870e+03   8.5069683e+01  -2.0237876e+02
   2.8579203e+01   5.3185874e+00  -1.6173062e+01   1.5313017e+03   8.3834113e+01  -2.0332756e+02
   2.8062709e+01   5.4368171e+00  -1.6354019e+01   1.5375942e+03   8.2444817e+01  -2.0430231e+02
   2.7487037e+01   5.5591848e+00  -1.6539276e+01   1.5433749e+03   8.0957466e+01  -2.0528099e+02
   2.6880583e+01   5.6819241e+00  -1.6719741e+01   1.5486451e+03   7.9431583e+01  -2.0623983e+02
   2.6271724e+01   5.8011319e+00  -1.6888129e+01   1.5533977e+03   7.7926864e+01  -2.0715460e+02
   2.5687053e+01   5.9130525e+00  -1.7039113e+01   1.5576196e+03   7.6499409e+01  -2.0800223e+02
