   6.1558704e+00  -1.5040371e+01  -1.9228585e+00   2.9706741e+02   8.8819650e+01  -2.0518834e+02
   4.6627390e+00  -1.4946609e+01  -1.3664431e+00   3.0019710e+02   8.4572192e+01  -2.0624396e+02
   3.1897986e+00  -1.4857988e+01  -8.1041466e-01   3.0325994e+02   8.0387559e+01  -2.0728685e+02
   1.7290885e+00  -1.4770174e+01  -2.6302758e-01   3.0622718e+02   7.6303856e+01  -2.0829049e+02
   2.7317373e-01  -1.4678359e+01   2.6712155e-01   3.0907231e+02   7.2352983e+01  -2.0922756e+02
  -1.1831537e+00  -1.4577631e+01   7.7109073e-01   3.1177130e+02   6.8560533e+01  -2.1007103e+02
  -2.6416662e+00  -1.4463350e+01   1.2398082e+00   3.1430329e+02   6.4945911e+01  -2.1079562e+02
  -4.1001697e+00  -1.4331529e+01   1.6644960e+00   3.1665151e+02   6.1522597e+01  -2.1137940e+02
  -5.5524632e+00  -1.4179210e+01   2.0373108e+00   3.1880428e+02   5.8298664e+01  -2.1180551e+02
  -6.9886753e+00  -1.4004831e+01   2.3520822e+00   3.2075574e+02   5.5277603e+01  -2.1206383e+02
  -8.3959009e+00  -1.3808558e+01   2.6050204e+00   3.2250610e+02   5.2459387e+01  -2.1215225e+02
  -9.7590272e+00  -1.3592544e+01   2.7952569e+00   3.2406130e+02   4.9841691e+01  -2.1207744e+02
  -1.1061748e+01  -1.3361061e+01   2.9250826e+00   3.2543214e+02   4.7421088e+01  -2.1185489e+02
  -1.2287636e+01  -1.3120434e+01   2.9998351e+00   3.2663301e+02   4.5194086e+01  -2.1150812e+02
  -1.3421268e+01  -1.2878730e+01   3.0274355e+00   3.2768043e+02   4.3157818e+01  -2.1106706e+02
  -1.4449281e+01  -1.2645180e+01   3.0176418e+00   3.2859169e+02   4.1310300e+01  -2.1056573e+02
  -1.5361310e+01  -1.2429371e+01   2.9811350e+00   3.2938365e+02   3.9650233e+01  -2.1003957e+02
  -1.6150686e+01  -1.2240315e+01   2.9285746e+00   3.3007189e+02   3.8176395e+01  -2.0952261e+02
  -1.6814854e+01  -1.2085526e+01   2.8697460e+00   3.3067021e+02   3.6886798e+01  -2.0904483e+02
  -1.7355455e+01  -1.1970271e+01   2.8129026e+00   3.3119042e+02   3.5777767e+01  -2.0863022e+02
  -1.7778092e+01  -1.1897098e+01   2.7643541e+00   3.3164250e+02   3.4843161e+01  -2.0829549e+02
  -1.8091825e+01  -1.1865726e+01   2.7283071e+00   3.3203477e+02   3.4073860e+01  -2.0804962e+02
  -1.8308449e+01  -1.1873243e+01   2.7069330e+00   3.3237427e+02   3.3457628e+01  -2.0789428e+02
  -1.8441665e+01  -1.1914590e+01   2.7005950e+00   3.3266706e+02   3.2979347e+01  -2.0782471e+02
  -1.8506226e+01  -1.1983182e+01   2.7081760e+00   3.3291851e+02   3.2621583e+01  -2.0783110e+02
  -1.8517089e+01  -1.2071605e+01   2.7274637e+00   3.3313352e+02   3.2365402e+01  -2.0790007e+02
  -1.8488686e+01  -1.2172286e+01   2.7555410e+00   3.3331663e+02   3.2191314e+01  -2.0801624e+02
  -1.8434287e+01  -1.2278078e+01   2.7891688e+00   3.3347209e+02   3.2080247e+01  -2.0816368e+02
  -1.8365538e+01  -1.2382719e+01   2.8251256e+00   3.3360387e+02   3.2014446e+01  -2.0832716e+02
  -1.8292142e+01  -1.2481132e+01   2.8604920e+00   3.3371559e+02   3.1978202e+01  -2.0849316e+02
  -1.8221684e+01  -1.2569579e+01   2.8928658e+00   3.3381052e+02   3.1958385e+01  -2.0865055e+02
  -1.8159612e+01  -1.2645670e+01   2.9204951e+00   3.3389150e+02   3.1944734e+01  -2.0879104e+02
  -1.8109322e+01  -1.2708253e+01   2.9423486e+00   3.3396098e+02   3.1929904e+01  -2.0890927e+02
  -1.8072355e+01  -1.2757222e+01   2.9581055e+00   3.3402100e+02   3.1909305e+01  -2.0900267e+02
  -1.8048667e+01  -1.2793271e+01   2.9680884e+00   3.3407322e+02   3.1880760e+01  -2.0907110e+02
  -1.8036957e+01  -1.2817644e+01   2.9731464e+00   3.3411900e+02   3.1844052e+01  -2.0911640e+02
  -1.8035019e+01  -1.2831890e+01   2.9745072e+00   3.3415947e+02   3.1800396e+01  -2.0914177e+02
  -1.8040105e+01  -1.2837665e+01   2.9736021e+00   3.3419554e+02   3.1751911e+01  -2.0915125e+02
  -1.8049270e+01  -1.2836582e+01   2.9718916e+00   3.3422799e+02   3.1701131e+01  -2.0914911e+02
  -1.8059682e+01  -1.2830112e+01   2.9706991e+00   3.3425745e+02   3.1650591e+01  -2.0913941e+02
  -1.8068880e+01  -1.2819533e+01   2.9710717e+00   3.3428447e+02   3.1602522e+01  -2.0912561e+02
  -1.8074978e+01  -1.2805928e+01   2.9736724e+00   3.3430949e+02   3.1558645e+01  -2.0911039e+02
  -1.8076775e+01  -1.2790190e+01   2.9787289e+00   3.3433288e+02   3.1520085e+01  -2.0909549e+02
  -1.8073833e+01  -1.2773057e+01   2.9860221e+00   3.3435490e+02   3.1487359e+01  -2.0908179e+02
  -1.8066454e+01  -1.2755155e+01   2.9949274e+00   3.3437580e+02   3.1460448e+01  -2.0906941e+02
  -1.8055614e+01  -1.2737035e+01   3.0044922e+00   3.3439577e+02   3.1438902e+01  -2.0905793e+02
  -1.8042854e+01  -1.2719214e+01   3.0135426e+00   3.3441507e+02   3.1421963e+01  -2.0904660e+02
  -1.8030112e+01  -1.2702196e+01   3.0208033e+00   3.3443403e+02   3.1408697e+01  -2.0903466e+02
  -1.8019550e+01  -1.2686489e+01   3.0250126e+00   3.3445312e+02   3.1398091e+01  -2.0902149e+02
  -1.8013362e+01  -1.2672598e+01   3.0250227e+00   3.3447296e+02   3.1389141e+01  -2.0900678e+02
  -1.8013588e+01  -1.2661016e+01   3.0198726e+00   3.3449437e+02   3.1380898e+01  -2.0899069e+02
  -1.8021953e+01  -1.2652193e+01   3.0088257e+00   3.3451839e+02   3.1372512e+01  -2.0897379e+02
  -1.8039730e+01  -1.2646516e+01   2.9913723e+00   3.3454621e+02   3.1363243e+01  -2.0895706e+02
  -1.8067663e+01  -1.2644287e+01   2.9672004e+00   3.3457916e+02   3.1352485e+01  -2.0894177e+02
  -1.8105929e+01  -1.2645710e+01   2.9361328e+00   3.3461864e+02   3.1339793e+01  -2.0892937e+02
  -1.8154165e+01  -1.2650888e+01   2.8980494e+00   3.3466607e+02   3.1324909e+01  -2.0892134e+02
  -1.8211565e+01  -1.2659814e+01   2.8527962e+00   3.3472283e+02   3.1307811e+01  -2.0891909e+02
  -1.8277015e+01  -1.2672363e+01   2.8001055e+00   3.3479015e+02   3.1288741e+01  -2.0892386e+02
  -1.8349268e+01  -1.2688261e+01   2.7395302e+00   3.3486914e+02   3.1268228e+01  -2.0893671e+02
  -1.8427133e+01  -1.2707056e+01   2.6704114e+00   3.3496068e+02   3.1247083e+01  -2.0895854e+02
  -1.8509658e+01  -1.2728072e+01   2.5918825e+00   3.3506545e+02   3.1226352e+01  -2.0899012e+02
  -1.8596272e+01  -1.2750359e+01   2.5029202e+00   3.3518390e+02   3.1207235e+01  -2.0903220e+02
  -1.8686890e+01  -1.2772662e+01   2.4024151e+00   3.3531621e+02   3.1190985e+01  -2.0908561e+02
  -1.8781973e+01  -1.2793428e+01   2.2892677e+00   3.3546234e+02   3.1178766e+01  -2.0915127e+02
  -1.8882529e+01  -1.2810826e+01   2.1624877e+00   3.3562196e+02   3.1171532e+01  -2.0923028e+02
  -1.8990051e+01  -1.2822844e+01   2.0212771e+00   3.3579447e+02   3.1169927e+01  -2.0932388e+02
  -1.9106415e+01  -1.2827415e+01   1.8651012e+00   3.3597895e+02   3.1174236e+01  -2.0943335e+02
  -1.9233712e+01  -1.2822573e+01   1.6937328e+00   3.3617419e+02   3.1184403e+01  -2.0955992e+02
  -1.9374078e+01  -1.2806627e+01   1.5072855e+00   3.3637868e+02   3.1200110e+01  -2.0970464e+02
  -1.9529509e+01  -1.2778301e+01   1.3062323e+00   3.3659066e+02   3.1220913e+01  -2.0986819e+02
  -1.9701713e+01  -1.2736858e+01   1.0914189e+00   3.3680812e+02   3.1246390e+01  -2.1005074e+02
  -1.9892008e+01  -1.2682157e+01   8.6408460e-01   3.3702895e+02   3.1276284e+01  -2.1025189e+02
  -2.0101278e+01  -1.2614679e+01   6.2587345e-01   3.3725101e+02   3.1310623e+01  -2.1047051e+02
  -2.0329994e+01  -1.2535482e+01   3.7886165e-01   3.3747220e+02   3.1349770e+01  -2.1070480e+02
  -2.0578285e+01  -1.2446122e+01   1.2557745e-01   3.3769067e+02   3.1394432e+01  -2.1095224e+02
  -2.0846063e+01  -1.2348534e+01  -1.3098873e-01   3.3790482e+02   3.1445599e+01  -2.1120971e+02
  -2.1133160e+01  -1.2244892e+01  -3.8739642e-01   3.3811350e+02   3.1504451e+01  -2.1147353e+02
  -2.1439482e+01  -1.2137456e+01  -6.3979149e-01   3.3831598e+02   3.1572236e+01  -2.1173957e+02
  -2.1765168e+01  -1.2028429e+01  -8.8398499e-01   3.3851203e+02   3.1650133e+01  -2.1200337e+02
  -2.2110698e+01  -1.1919822e+01  -1.1155604e+00   3.3870186e+02   3.1739150e+01  -2.1226023e+02
  -2.2477003e+01  -1.1813353e+01  -1.3300216e+00   3.3888609e+02   3.1840044e+01  -2.1250528e+02
  -2.2865513e+01  -1.1710367e+01  -1.5229558e+00   3.3906560e+02   3.1953309e+01  -2.1273363e+02
  -2.3278160e+01  -1.1611803e+01  -1.6902170e+00   3.3924143e+02   3.2079219e+01  -2.1294044e+02
  -2.3717345e+01  -1.1518171e+01  -1.8281019e+00   3.3941464e+02   3.2217935e+01  -2.1312103e+02
  -2.4185838e+01  -1.1429596e+01  -1.9335110e+00   3.3958620e+02   3.2369667e+01  -2.1327102e+02
  -2.4686659e+01  -1.1345838e+01  -2.0040791e+00   3.3975692e+02   3.2534864e+01  -2.1338650e+02
  -2.5222921e+01  -1.1266357e+01  -2.0382620e+00   3.3992744e+02   3.2714405e+01  -2.1346419e+02
  -2.5797672e+01  -1.1190372e+01  -2.0353740e+00   3.4009830e+02   3.2909756e+01  -2.1350159e+02
  -2.6413737e+01  -1.1116929e+01  -1.9955887e+00   3.4027003e+02   3.3123066e+01  -2.1349716e+02
  -2.7073589e+01  -1.1044954e+01  -1.9198857e+00   3.4044332e+02   3.3357175e+01  -2.1345040e+02
  -2.7779262e+01  -1.0973314e+01  -1.8099709e+00   3.4061929e+02   3.3615518e+01  -2.1336197e+02
  -2.8532329e+01  -1.0900847e+01  -1.6681739e+00   3.4079967e+02   3.3901926e+01  -2.1323364e+02
  -2.9333947e+01  -1.0826395e+01  -1.4973340e+00   3.4098700e+02   3.4220328e+01  -2.1306826e+02
  -3.0185032e+01  -1.0748815e+01  -1.3006969e+00   3.4118488e+02   3.4574358e+01  -2.1286959e+02
  -3.1086509e+01  -1.0666979e+01  -1.0818249e+00   3.4139797e+02   3.4966910e+01  -2.1264211e+02
  -3.2039692e+01  -1.0579781e+01  -8.4452962e-01   3.4163200e+02   3.5399666e+01  -2.1239077e+02
  -3.3046756e+01  -1.0486156e+01  -5.9283317e-01   3.4189364e+02   3.5872651e+01  -2.1212069e+02
  -3.4111226e+01  -1.0385114e+01  -3.3093318e-01   3.4219026e+02   3.6383878e+01  -2.1183687e+02
  -3.5238459e+01  -1.0275773e+01  -6.3148575e-02   3.4252959e+02   3.6929141e+01  -2.1154398e+02
  -3.6436043e+01  -1.0157407e+01   2.0615589e-01   3.4291936e+02   3.7502029e+01  -2.1124615e+02
  -3.7714067e+01  -1.0029471e+01   4.7269807e-01   3.4336683e+02   3.8094180e+01  -2.1094688e+02
  -3.9085176e+01  -9.8915891e+00   7.3246735e-01   3.4387846e+02   3.8695832e+01  -2.1064904e+02
  -4.0564428e+01  -9.7435180e+00   9.8194312e-01   3.4445948e+02   3.9296665e+01  -2.1035495e+02
  -4.2168878e+01  -9.5850286e+00   1.2183717e+00   3.4511373e+02   3.9886908e+01  -2.1006648e+02
  -4.3916914e+01  -9.4157505e+00   1.4400315e+00   3.4584348e+02   4.0458685e+01  -2.0978524e+02
  -4.5827324e+01  -9.2349480e+00   1.6465031e+00   3.4664953e+02   4.1007512e+01  -2.0951277e+02
  -4.7918138e+01  -9.0412583e+00   1.8388949e+00   3.4753161e+02   4.1533866e+01  -2.0925063e+02
  -5.0205220e+01  -8.8324112e+00   2.0200101e+00   3.4848898e+02   4.2044692e+01  -2.0900058e+02
  -5.2700707e+01  -8.6049176e+00   2.1944283e+00   3.4952152e+02   4.2554714e+01  -2.0876453e+02
  -5.5411342e+01  -8.3539106e+00   2.3684536e+00   3.5063109e+02   4.3087316e+01  -2.0854449e+02
  -5.8336800e+01  -8.0730648e+00   2.5499015e+00   3.5182340e+02   4.3674820e+01  -2.0834243e+02
  -6.1468130e+01  -7.7547796e+00   2.7476502e+00   3.5311009e+02   4.4357895e+01  -2.0815991e+02
  -6.4786462e+01  -7.3906171e+00   2.9708939e+00   3.5451109e+02   4.5183910e+01  -2.0799767e+02
  -6.8262001e+01  -6.9719931e+00   3.2280971e+00   3.5605696e+02   4.6204085e+01  -2.0785509e+02
  -7.1853569e+01  -6.4910534e+00   3.5256382e+00   3.5779088e+02   4.7469445e+01  -2.0772946e+02
  -7.5508763e+01  -5.9416134e+00   3.8662654e+00   3.5976987e+02   4.9025759e+01  -2.0761543e+02
  -7.9165114e+01  -5.3200739e+00   4.2475687e+00   3.6206459e+02   5.0907846e+01  -2.0750440e+02
  -8.2752666e+01  -4.6262956e+00   4.6607980e+00   3.6475706e+02   5.3134032e+01  -2.0738432e+02
  -8.6198350e+01  -3.8645941e+00   5.0903705e+00   3.6793589e+02   5.5701760e+01  -2.0723999e+02
  -8.9432072e+01  -3.0449023e+00   5.5144542e+00   3.7168924e+02   5.8585689e+01  -2.0705399e+02
  -9.2393609e+01  -2.1838728e+00   5.9068880e+00   3.7609692e+02   6.1739329e+01  -2.0680834e+02
  -9.5038269e+01  -1.3052134e+00   6.2402690e+00   3.8122390e+02   6.5100309e+01  -2.0648660e+02
  -9.7339136e+01  -4.3846332e-01   6.4895283e+00   3.8711777e+02   6.8597849e+01  -2.0607587e+02
  -9.9284991e+01   3.8413766e-01   6.6349848e+00   3.9381047e+02   7.2159938e+01  -2.0556803e+02
  -1.0087530e+02   1.1315569e+00   6.6638581e+00   4.0132262e+02   7.5718074e+01  -2.0496001e+02
  -1.0211520e+02   1.7772624e+00   6.5702505e+00   4.0966703e+02   7.9209303e+01  -2.0425332e+02
  -1.0301234e+02   2.3009438e+00   6.3541394e+00   4.1884995e+02   8.2576691e+01  -2.0345335e+02
  -1.0357587e+02   2.6888647e+00   6.0202214e+00   4.2887009e+02   8.5769574e+01  -2.0256890e+02
  -1.0381666e+02   2.9335907e+00   5.5770889e+00   4.3971695e+02   8.8744179e+01  -2.0161189e+02
  -1.0374784e+02   3.0335871e+00   5.0367439e+00   4.5136945e+02   9.1464482e+01  -2.0059727e+02
  -1.0338534e+02   2.9928659e+00   4.4143072e+00   4.6379561e+02   9.3902949e+01  -1.9954273e+02
  -1.0274813e+02   2.8205604e+00   3.7276802e+00   4.7695321e+02   9.6040898e+01  -1.9846830e+02
  -1.0185819e+02   2.5302748e+00   2.9969758e+00   4.9079137e+02   9.7868288e+01  -1.9739562e+02
  -1.0074010e+02   2.1391210e+00   2.2436348e+00   5.0525290e+02   9.9382978e+01  -1.9634695e+02
  -9.9420299e+01   1.6664331e+00   1.4892497e+00   5.2027708e+02   1.0058956e+02  -1.9534412e+02
  -9.7926025e+01   1.1323079e+00   7.5422513e-01   5.3580264e+02   1.0149791e+02  -1.9440727e+02
  -9.6284111e+01   5.5616286e-01   5.6486961e-02   5.5177059e+02   1.0212169e+02  -1.9355385e+02
  -9.4519815e+01  -4.4512611e-02  -5.8957224e-01   5.6812657e+02   1.0247687e+02  -1.9279770e+02
  -9.2655874e+01  -6.5500942e-01  -1.1737555e+00   5.8482259e+02   1.0258050e+02  -1.9214853e+02
  -9.0711949e+01  -1.2637961e+00  -1.6902691e+00   6.0181790e+02   1.0244959e+02  -1.9161164e+02
  -8.8704451e+01  -1.8625134e+00  -2.1375485e+00   6.1907912e+02   1.0210038e+02  -1.9118799e+02
  -8.6646810e+01  -2.4455589e+00  -2.5177265e+00   6.3657974e+02   1.0154765e+02  -1.9087458e+02
  -8.4549961e+01  -3.0095172e+00  -2.8359617e+00   6.5429914e+02   1.0080443e+02  -1.9066494e+02
  -8.2423053e+01  -3.5524790e+00  -3.0996355e+00   6.7222135e+02   9.9881742e+01  -1.9054980e+02
  -8.0274142e+01  -4.0734250e+00  -3.3175889e+00   6.9033384e+02   9.8788649e+01  -1.9051788e+02
  -7.8110765e+01  -4.5717438e+00  -3.4993865e+00   7.0862644e+02   9.7532342e+01  -1.9055664e+02
  -7.5940371e+01  -5.0469333e+00  -3.6546823e+00   7.2709051e+02   9.6118450e+01  -1.9065308e+02
  -7.3770402e+01  -5.4984916e+00  -3.7926602e+00   7.4571846e+02   9.4551428e+01  -1.9079442e+02
  -7.1608218e+01  -5.9259286e+00  -3.9215572e+00   7.6450357e+02   9.2835085e+01  -1.9096879e+02
  -6.9460690e+01  -6.3288816e+00  -4.0482872e+00   7.8344011e+02   9.0973189e+01  -1.9116568e+02
  -6.7333787e+01  -6.7072513e+00  -4.1781518e+00   8.0252352e+02   8.8970172e+01  -1.9137634e+02
  -6.5232030e+01  -7.0612740e+00  -4.3146708e+00   8.2175071e+02   8.6831836e+01  -1.9159401e+02
  -6.3158092e+01  -7.3915472e+00  -4.4595259e+00   8.4112017e+02   8.4566040e+01  -1.9181389e+02
  -6.1112542e+01  -7.6989637e+00  -4.6126741e+00   8.6063201e+02   8.2183298e+01  -1.9203305e+02
  -5.9093782e+01  -7.9845514e+00  -4.7725351e+00   8.8028772e+02   7.9697205e+01  -1.9225016e+02
  -5.7098310e+01  -8.2493436e+00  -4.9364005e+00   9.0008971e+02   7.7124723e+01  -1.9246505e+02
  -5.5120992e+01  -8.4941530e+00  -5.1007978e+00   9.2004081e+02   7.4486217e+01  -1.9267831e+02
  -5.3155728e+01  -8.7194208e+00  -5.2619957e+00   9.4014349e+02   7.1805351e+01  -1.9289081e+02
  -5.1196010e+01  -8.9251065e+00  -5.4164445e+00   9.6039919e+02   6.9108767e+01  -1.9310332e+02
  -4.9235540e+01  -9.1106507e+00  -5.5611473e+00   9.8080766e+02   6.6425653e+01  -1.9331625e+02
  -4.7268797e+01  -9.2750824e+00  -5.6939576e+00   1.0013664e+03   6.3787185e+01  -1.9352947e+02
  -4.5291465e+01  -9.4171913e+00  -5.8137187e+00   1.0220700e+03   6.1225878e+01  -1.9374240e+02
  -4.3300572e+01  -9.5358021e+00  -5.9202362e+00   1.0429102e+03   5.8774994e+01  -1.9395425e+02
  -4.1294804e+01  -9.6301815e+00  -6.0141877e+00   1.0638754e+03   5.6467836e+01  -1.9416436e+02
  -3.9274254e+01  -9.7003192e+00  -6.0967724e+00   1.0849507e+03   5.4337210e+01  -1.9437279e+02
  -3.7240397e+01  -9.7472799e+00  -6.1693264e+00   1.1061178e+03   5.2414831e+01  -1.9458082e+02
  -3.5195929e+01  -9.7733747e+00  -6.2328742e+00   1.1273548e+03   5.0730844e+01  -1.9479157e+02
  -3.3144426e+01  -9.7821664e+00  -6.2875680e+00   1.1486367e+03   4.9313353e+01  -1.9501037e+02
  -3.1090117e+01  -9.7783190e+00  -6.3322534e+00   1.1699352e+03   4.8188026e+01  -1.9524508e+02
  -2.9037794e+01  -9.7673755e+00  -6.3641179e+00   1.1912184e+03   4.7377568e+01  -1.9550607e+02
  -2.6992465e+01  -9.7552890e+00  -6.3784810e+00   1.2124516e+03   4.6901369e+01  -1.9580592e+02
  -2.4959255e+01  -9.7480193e+00  -6.3688168e+00   1.2335969e+03   4.6774998e+01  -1.9615883e+02
  -2.2943230e+01  -9.7511173e+00  -6.3270206e+00   1.2546138e+03   4.7009745e+01  -1.9657975e+02
  -2.0949375e+01  -9.7692984e+00  -6.2438685e+00   1.2754591e+03   4.7612115e+01  -1.9708327e+02
  -1.8982469e+01  -9.8061819e+00  -6.1097059e+00   1.2960878e+03   4.8583331e+01  -1.9768244e+02
  -1.7047138e+01  -9.8641195e+00  -5.9153034e+00   1.3164531e+03   4.9918842e+01  -1.9838753e+02
  -1.5147819e+01  -9.9441336e+00  -5.6527631e+00   1.3365072e+03   5.1607885e+01  -1.9920492e+02
  -1.3288910e+01  -1.0045941e+01  -5.3164549e+00   1.3562018e+03   5.3633062e+01  -2.0013620e+02
  -1.1474886e+01  -1.0168093e+01  -4.9038447e+00   1.3754889e+03   5.5969989e+01  -2.0117761e+02
  -9.7104519e+00  -1.0308103e+01  -4.4161716e+00   1.3943215e+03   5.8587117e+01  -2.0231989e+02
  -8.0007599e+00  -1.0462654e+01  -3.8588242e+00   1.4126543e+03   6.1445593e+01  -2.0354857e+02
  -6.3516998e+00  -1.0627787e+01  -3.2415001e+00   1.4304446e+03   6.4499360e+01  -2.0484468e+02
  -4.7700161e+00  -1.0799044e+01  -2.5778725e+00   1.4476530e+03   6.7695444e+01  -2.0618588e+02
  -3.2635088e+00  -1.0971681e+01  -1.8850196e+00   1.4642443e+03   7.0974481e+01  -2.0754788e+02
  -1.8411276e+00  -1.1140827e+01  -1.1824544e+00   1.4801882e+03   7.4271534e+01  -2.0890608e+02
  -5.1276602e-01  -1.1301703e+01  -4.9089634e-01   1.4954598e+03   7.7517267e+01  -2.1023719e+02
   7.1080913e-01  -1.1449853e+01   1.6905905e-01   1.5100402e+03   8.0639366e+01  -2.1152081e+02
   1.8183739e+00  -1.1581393e+01   7.7830305e-01   1.5239169e+03   8.3564383e+01  -2.1274068e+02
   2.7988876e+00  -1.1693144e+01   1.3204904e+00   1.5370837e+03   8.6219991e+01  -2.1388566e+02
   3.6420002e+00  -1.1782870e+01   1.7829663e+00   1.5495413e+03   8.8537422e+01  -2.1495019e+02
   4.3388826e+00  -1.1849222e+01   2.1574403e+00   1.5612966e+03   9.0454326e+01  -2.1593432e+02
   4.8829180e+00  -1.1891733e+01   2.4402368e+00   1.5723624e+03   9.1917667e+01  -2.1684316e+02
   5.2704604e+00  -1.1910659e+01   2.6321711e+00   1.5827570e+03   9.2886740e+01  -2.1768605e+02
   5.5013152e+00  -1.1906867e+01   2.7380720e+00   1.5925027e+03   9.3335859e+01  -2.1847520e+02
   5.5794037e+00  -1.1881595e+01   2.7661406e+00   1.6016247e+03   9.3256869e+01  -2.1922430e+02
   5.5128616e+00  -1.1836426e+01   2.7270626e+00   1.6101496e+03   9.2660740e+01  -2.1994686e+02
   5.3141303e+00  -1.1773178e+01   2.6331481e+00   1.6181030e+03   9.1578435e+01  -2.2065468e+02
   4.9998006e+00  -1.1693949e+01   2.4974482e+00   1.6255076e+03   9.0060671e+01  -2.2135657e+02
   4.5900545e+00  -1.1601203e+01   2.3329647e+00   1.6323815e+03   8.8176368e+01  -2.2205724e+02
   4.1079951e+00  -1.1497846e+01   2.1519851e+00   1.6387363e+03   8.6009887e+01  -2.2275675e+02
   3.5785205e+00  -1.1387297e+01   1.9655289e+00   1.6445759e+03   8.3656884e+01  -2.2345039e+02
   3.0271768e+00  -1.1273431e+01   1.7829751e+00   1.6498970e+03   8.1219185e+01  -2.2412916e+02
   2.4788364e+00  -1.1160445e+01   1.6118424e+00   1.6546897e+03   7.8798816e+01  -2.2478075e+02
   1.9562114e+00  -1.1052553e+01   1.4576686e+00   1.6589400e+03   7.6491546e+01  -2.2539093e+02
