  -6.9951369e-01   1.4426781e+01  -1.1757309e+01   2.8914030e+02   8.9133556e+01  -1.8898334e+02
  -2.1763800e+00   1.4512080e+01  -1.1240939e+01   2.9241548e+02   8.5084715e+01  -1.8992386e+02
  -3.6427726e+00   1.4589009e+01  -1.0734678e+01   2.9562613e+02   8.1083264e+01  -1.9084869e+02
  -5.1066225e+00   1.4660382e+01  -1.0242182e+01   2.9874213e+02   7.7168195e+01  -1.9173493e+02
  -6.5751826e+00   1.4729954e+01  -9.7675721e+00   3.0173535e+02   7.3372212e+01  -1.9255868e+02
  -8.0533213e+00   1.4802218e+01  -9.3157056e+00   3.0457981e+02   6.9721505e+01  -1.9329606e+02
  -9.5423143e+00   1.4882110e+01  -8.8922183e+00   3.0725230e+02   6.6235856e+01  -1.9392442e+02
  -1.1039283e+01   1.4974647e+01  -8.5032887e+00   3.0973335e+02   6.2928995e+01  -1.9442383e+02
  -1.2537126e+01   1.5084491e+01  -8.1551562e+00   3.1200839e+02   5.9809262e+01  -1.9477872e+02
  -1.4024831e+01   1.5215455e+01  -7.8534784e+00   3.1406870e+02   5.6880576e+01  -1.9497937e+02
  -1.5488094e+01   1.5369989e+01  -7.6026415e+00   3.1591203e+02   5.4143594e+01  -1.9502320e+02
  -1.6910152e+01   1.5548693e+01  -7.4051545e+00   3.1754250e+02   5.1596987e+01  -1.9491560e+02
  -1.8272805e+01   1.5749947e+01  -7.2612314e+00   3.1897001e+02   4.9238627e+01  -1.9467004e+02
  -1.9557546e+01   1.5969730e+01  -7.1686556e+00   3.2020910e+02   4.7066557e+01  -1.9430755e+02
  -2.0746763e+01   1.6201738e+01  -7.1229211e+00   3.2127755e+02   4.5079573e+01  -1.9385529e+02
  -2.1824932e+01   1.6437790e+01  -7.1176390e+00   3.2219482e+02   4.3277353e+01  -1.9334457e+02
  -2.2779707e+01   1.6668545e+01  -7.1451186e+00   3.2298069e+02   4.1660119e+01  -1.9280836e+02
  -2.3602795e+01   1.6884420e+01  -7.1970434e+00   3.2365402e+02   4.0227910e+01  -1.9227870e+02
  -2.4290533e+01   1.7076572e+01  -7.2651325e+00   3.2423197e+02   3.8979645e+01  -1.9178418e+02
  -2.4844096e+01   1.7237789e+01  -7.3417272e+00   3.2472944e+02   3.7912156e+01  -1.9134806e+02
  -2.5269305e+01   1.7363151e+01  -7.4202290e+00   3.2515896e+02   3.7019408e+01  -1.9098694e+02
  -2.5576095e+01   1.7450369e+01  -7.4953852e+00   3.2553075e+02   3.6292034e+01  -1.9071027e+02
  -2.5777690e+01   1.7499806e+01  -7.5634049e+00   3.2585305e+02   3.5717282e+01  -1.9052056e+02
  -2.5889618e+01   1.7514196e+01  -7.6219498e+00   3.2613245e+02   3.5279347e+01  -1.9041420e+02
  -2.5928659e+01   1.7498178e+01  -7.6700085e+00   3.2637428e+02   3.4960051e+01  -1.9038259e+02
  -2.5911821e+01   1.7457695e+01  -7.7077013e+00   3.2658302e+02   3.4739749e+01  -1.9041360e+02
  -2.5855426e+01   1.7399367e+01  -7.7360287e+00   3.2676249e+02   3.4598358e+01  -1.9049296e+02
  -2.5774359e+01   1.7329895e+01  -7.7565962e+00   3.2691612e+02   3.4516387e+01  -1.9060568e+02
  -2.5681502e+01   1.7255550e+01  -7.7713321e+00   3.2704704e+02   3.4475864e+01  -1.9073723e+02
  -2.5587385e+01   1.7181785e+01  -7.7822291e+00   3.2715814e+02   3.4461069e+01  -1.9087456e+02
  -2.5500023e+01   1.7112981e+01  -7.7911237e+00   3.2725210e+02   3.4459047e+01  -1.9100680e+02
  -2.5424940e+01   1.7052327e+01  -7.7995353e+00   3.2733135e+02   3.4459854e+01  -1.9112568e+02
  -2.5365326e+01   1.7001834e+01  -7.8085570e+00   3.2739811e+02   3.4456548e+01  -1.9122568e+02
  -2.5322322e+01   1.6962442e+01  -7.8188100e+00   3.2745434e+02   3.4444969e+01  -1.9130393e+02
  -2.5295381e+01   1.6934195e+01  -7.8304523e+00   3.2750180e+02   3.4423342e+01  -1.9135989e+02
  -2.5282669e+01   1.6916453e+01  -7.8432363e+00   3.2754201e+02   3.4391780e+01  -1.9139489e+02
  -2.5281479e+01   1.6908117e+01  -7.8566028e+00   3.2757630e+02   3.4351733e+01  -1.9141162e+02
  -2.5288643e+01   1.6907825e+01  -7.8698000e+00   3.2760583e+02   3.4305450e+01  -1.9141359e+02
  -2.5300894e+01   1.6914126e+01  -7.8820183e+00   3.2763156e+02   3.4255509e+01  -1.9140458e+02
  -2.5315179e+01   1.6925596e+01  -7.8925184e+00   3.2765433e+02   3.4204432e+01  -1.9138824e+02
  -2.5328902e+01   1.6940930e+01  -7.9007482e+00   3.2767476e+02   3.4154415e+01  -1.9136770e+02
  -2.5340107e+01   1.6958981e+01  -7.9064283e+00   3.2769335e+02   3.4107167e+01  -1.9134541e+02
  -2.5347562e+01   1.6978781e+01  -7.9096008e+00   3.2771043e+02   3.4063859e+01  -1.9132303e+02
  -2.5350796e+01   1.6999541e+01  -7.9106323e+00   3.2772619e+02   3.4025143e+01  -1.9130143e+02
  -2.5350049e+01   1.7020625e+01  -7.9101797e+00   3.2774078e+02   3.3991241e+01  -1.9128087e+02
  -2.5346191e+01   1.7041525e+01  -7.9091255e+00   3.2775429e+02   3.3962054e+01  -1.9126113e+02
  -2.5340584e+01   1.7061826e+01  -7.9084848e+00   3.2776691e+02   3.3937285e+01  -1.9124177e+02
  -2.5334921e+01   1.7081176e+01  -7.9093161e+00   3.2777891e+02   3.3916533e+01  -1.9122231e+02
  -2.5331065e+01   1.7099265e+01  -7.9126332e+00   3.2779076e+02   3.3899375e+01  -1.9120248e+02
  -2.5330875e+01   1.7115809e+01  -7.9193417e+00   3.2780316e+02   3.3885400e+01  -1.9118227e+02
  -2.5336058e+01   1.7130546e+01  -7.9302014e+00   3.2781698e+02   3.3874223e+01  -1.9116209e+02
  -2.5348047e+01   1.7143243e+01  -7.9458212e+00   3.2783333e+02   3.3865475e+01  -1.9114268e+02
  -2.5367902e+01   1.7153701e+01  -7.9666849e+00   3.2785344e+02   3.3858784e+01  -1.9112511e+02
  -2.5396266e+01   1.7161760e+01  -7.9931966e+00   3.2787861e+02   3.3853773e+01  -1.9111065e+02
  -2.5433354e+01   1.7167295e+01  -8.0257443e+00   3.2791013e+02   3.3850071e+01  -1.9110065e+02
  -2.5478995e+01   1.7170214e+01  -8.0647693e+00   3.2794917e+02   3.3847347e+01  -1.9109645e+02
  -2.5532720e+01   1.7170455e+01  -8.1108170e+00   3.2799674e+02   3.3845370e+01  -1.9109925e+02
  -2.5593875e+01   1.7168005e+01  -8.1645695e+00   3.2805362e+02   3.3844068e+01  -1.9111016e+02
  -2.5661767e+01   1.7162930e+01  -8.2268477e+00   3.2812037e+02   3.3843588e+01  -1.9113009e+02
  -2.5735811e+01   1.7155434e+01  -8.2985805e+00   3.2819730e+02   3.3844314e+01  -1.9115992e+02
  -2.5815661e+01   1.7145921e+01  -8.3807425e+00   3.2828449e+02   3.3846868e+01  -1.9120050e+02
  -2.5901303e+01   1.7135090e+01  -8.4742651e+00   3.2838189e+02   3.3852047e+01  -1.9125278e+02
  -2.5993125e+01   1.7123996e+01  -8.5799488e+00   3.2848924e+02   3.3860743e+01  -1.9131787e+02
  -2.6091931e+01   1.7114087e+01  -8.6983777e+00   3.2860622e+02   3.3873821e+01  -1.9139708e+02
  -2.6198916e+01   1.7107218e+01  -8.8298498e+00   3.2873235e+02   3.3892018e+01  -1.9149193e+02
  -2.6315593e+01   1.7105573e+01  -8.9743565e+00   3.2886706e+02   3.3915851e+01  -1.9160403e+02
  -2.6443690e+01   1.7111541e+01  -9.1315858e+00   3.2900962e+02   3.3945579e+01  -1.9173505e+02
  -2.6585012e+01   1.7127538e+01  -9.3009685e+00   3.2915911e+02   3.3981226e+01  -1.9188647e+02
  -2.6741306e+01   1.7155786e+01  -9.4817332e+00   3.2931442e+02   3.4022646e+01  -1.9205947e+02
  -2.6914132e+01   1.7198107e+01  -9.6729609e+00   3.2947422e+02   3.4069637e+01  -1.9225474e+02
  -2.7104783e+01   1.7255727e+01  -9.8736255e+00   3.2963699e+02   3.4122065e+01  -1.9247229e+02
  -2.7314224e+01   1.7329140e+01  -1.0082594e+01   3.2980107e+02   3.4179968e+01  -1.9271142e+02
  -2.7543112e+01   1.7418019e+01  -1.0298609e+01   3.2996476e+02   3.4243638e+01  -1.9297058e+02
  -2.7791824e+01   1.7521219e+01  -1.0520221e+01   3.3012647e+02   3.4313653e+01  -1.9324741e+02
  -2.8060536e+01   1.7636839e+01  -1.0745709e+01   3.3028481e+02   3.4390858e+01  -1.9353879e+02
  -2.8349325e+01   1.7762350e+01  -1.0972995e+01   3.3043882e+02   3.4476302e+01  -1.9384089e+02
  -2.8658270e+01   1.7894768e+01  -1.1199578e+01   3.3058802e+02   3.4571145e+01  -1.9414933e+02
  -2.8987559e+01   1.8030858e+01  -1.1422489e+01   3.3073252e+02   3.4676543e+01  -1.9445924e+02
  -2.9337588e+01   1.8167338e+01  -1.1638308e+01   3.3087310e+02   3.4793539e+01  -1.9476544e+02
  -2.9709032e+01   1.8301077e+01  -1.1843223e+01   3.3101110e+02   3.4922976e+01  -1.9506251e+02
  -3.0102916e+01   1.8429261e+01  -1.2033139e+01   3.3114840e+02   3.5065444e+01  -1.9534496e+02
  -3.0520635e+01   1.8549525e+01  -1.2203826e+01   3.3128724e+02   3.5221283e+01  -1.9560729e+02
  -3.0963963e+01   1.8660027e+01  -1.2351110e+01   3.3143005e+02   3.5390644e+01  -1.9584415e+02
  -3.1435023e+01   1.8759494e+01  -1.2471054e+01   3.3157926e+02   3.5573596e+01  -1.9605046e+02
  -3.1936220e+01   1.8847209e+01  -1.2560159e+01   3.3173714e+02   3.5770288e+01  -1.9622160e+02
  -3.2470155e+01   1.8922985e+01  -1.2615522e+01   3.3190563e+02   3.5981131e+01  -1.9635351e+02
  -3.3039507e+01   1.8987103e+01  -1.2634965e+01   3.3208633e+02   3.6206970e+01  -1.9644293e+02
  -3.3646906e+01   1.9040256e+01  -1.2617122e+01   3.3228047e+02   3.6449226e+01  -1.9648752e+02
  -3.4294811e+01   1.9083470e+01  -1.2561473e+01   3.3248901e+02   3.6709982e+01  -1.9648604e+02
  -3.4985392e+01   1.9118042e+01  -1.2468342e+01   3.3271280e+02   3.6991978e+01  -1.9643841e+02
  -3.5720462e+01   1.9145472e+01  -1.2338844e+01   3.3295278e+02   3.7298516e+01  -1.9634575e+02
  -3.6501447e+01   1.9167416e+01  -1.2174805e+01   3.3321025e+02   3.7633271e+01  -1.9621041e+02
  -3.7329438e+01   1.9185644e+01  -1.1978665e+01   3.3348709e+02   3.8000005e+01  -1.9603580e+02
  -3.8205335e+01   1.9202006e+01  -1.1753355e+01   3.3378598e+02   3.8402210e+01  -1.9582630e+02
  -3.9130075e+01   1.9218415e+01  -1.1502179e+01   3.3411058e+02   3.8842703e+01  -1.9558700e+02
  -4.0104969e+01   1.9236817e+01  -1.1228687e+01   3.3446558e+02   3.9323211e+01  -1.9532349e+02
  -4.1132111e+01   1.9259158e+01  -1.0936566e+01   3.3485670e+02   3.9843992e+01  -1.9504159e+02
  -4.2214809e+01   1.9287331e+01  -1.0629529e+01   3.3529052e+02   4.0403535e+01  -1.9474712e+02
  -4.3357990e+01   1.9323134e+01  -1.0311189e+01   3.3577436e+02   4.0998409e+01  -1.9444565e+02
  -4.4568533e+01   1.9368214e+01  -9.9849248e+00   3.3631595e+02   4.1623286e+01  -1.9414239e+02
  -4.5855488e+01   1.9424037e+01  -9.6537287e+00   3.3692316e+02   4.2271181e+01  -1.9384206e+02
  -4.7230096e+01   1.9491890e+01  -9.3200259e+00   3.3760363e+02   4.2933916e+01  -1.9354888e+02
  -4.8705667e+01   1.9572902e+01  -8.9855033e+00   3.3836452e+02   4.3602838e+01  -1.9326655e+02
  -5.0297215e+01   1.9668137e+01  -8.6509277e+00   3.3921214e+02   4.4269728e+01  -1.9299834e+02
  -5.2020917e+01   1.9778699e+01  -8.3160125e+00   3.4015176e+02   4.4927914e+01  -1.9274708e+02
  -5.3893350e+01   1.9905894e+01  -7.9793139e+00   3.4118746e+02   4.5573491e+01  -1.9251531e+02
  -5.5930547e+01   2.0051422e+01  -7.6381900e+00   3.4232221e+02   4.6206607e+01  -1.9230517e+02
  -5.8146866e+01   2.0217567e+01  -7.2888281e+00   3.4355809e+02   4.6832716e+01  -1.9211848e+02
  -6.0553715e+01   2.0407426e+01  -6.9263372e+00   3.4489683e+02   4.7463675e+01  -1.9195654e+02
  -6.3158171e+01   2.0624994e+01  -6.5449511e+00   3.4634069e+02   4.8118568e+01  -1.9182010e+02
  -6.5961562e+01   2.0875202e+01  -6.1383370e+00   3.4789369e+02   4.8824083e+01  -1.9170911e+02
  -6.8958086e+01   2.1163737e+01  -5.7000879e+00   3.4956329e+02   4.9614272e+01  -1.9162246e+02
  -7.2133606e+01   2.1496653e+01  -5.2244318e+00   3.5136233e+02   5.0529515e+01  -1.9155776e+02
  -7.5464635e+01   2.1879814e+01  -4.7072084e+00   3.5331129e+02   5.1614528e+01  -1.9151095e+02
  -7.8917742e+01   2.2318198e+01  -4.1470649e+00   3.5544045e+02   5.2915352e+01  -1.9147602e+02
  -8.2449457e+01   2.2815206e+01  -3.5468057e+00   3.5779173e+02   5.4475350e+01  -1.9144464e+02
  -8.6007001e+01   2.3372048e+01  -2.9146453e+00   3.6041955e+02   5.6330450e+01  -1.9140601e+02
  -8.9530140e+01   2.3987215e+01  -2.2650108e+00   3.6339011e+02   5.8504147e+01  -1.9134693e+02
  -9.2954458e+01   2.4655880e+01  -1.6185777e+00   3.6677878e+02   6.1003096e+01  -1.9125223e+02
  -9.6215986e+01   2.5369138e+01  -1.0011985e+00   3.7066542e+02   6.3814389e+01  -1.9110580e+02
  -9.9256491e+01   2.6113238e+01  -4.4155365e-01   3.7512857e+02   6.6905497e+01  -1.9089199e+02
  -1.0202799e+02   2.6869345e+01   3.2118843e-02   3.8024002e+02   7.0227203e+01  -1.9059728e+02
  -1.0449487e+02   2.7614496e+01   3.9542789e-01   3.8606140e+02   7.3718687e+01  -1.9021164e+02
  -1.0663310e+02   2.8324045e+01   6.3040586e-01   3.9264327e+02   7.7313054e+01  -1.8972930e+02
  -1.0842744e+02   2.8974622e+01   7.2635502e-01   4.0002567e+02   8.0941757e+01  -1.8914864e+02
  -1.0986877e+02   2.9546488e+01   6.7930191e-01   4.0823855e+02   8.4537581e+01  -1.8847174e+02
  -1.1095272e+02   3.0024526e+01   4.9067120e-01   4.1730103e+02   8.8036752e+01  -1.8770390e+02
  -1.1167957e+02   3.0398140e+01   1.6607030e-01   4.2721994e+02   9.1380894e+01  -1.8685346e+02
  -1.1205478e+02   3.0660800e+01  -2.8541504e-01   4.3798841e+02   9.4518954e+01  -1.8593175e+02
  -1.1208941e+02   3.0809690e+01  -8.5151134e-01   4.4958530e+02   9.7408847e+01  -1.8495312e+02
  -1.1180015e+02   3.0845601e+01  -1.5168214e+00   4.6197558e+02   1.0001846e+02  -1.8393477e+02
  -1.1120897e+02   3.0772927e+01  -2.2629581e+00   4.7511181e+02   1.0232587e+02  -1.8289623e+02
  -1.1034234e+02   3.0599555e+01  -3.0689727e+00   4.8893654e+02   1.0431872e+02  -1.8185860e+02
  -1.0923003e+02   3.0336492e+01  -3.9121808e+00   5.0338547e+02   1.0599302e+02  -1.8084355e+02
  -1.0790368e+02   2.9997150e+01  -4.7693563e+00   5.1839098e+02   1.0735155e+02  -1.7987212e+02
  -1.0639511e+02   2.9596348e+01  -5.6181584e+00   5.3388581e+02   1.0840222e+02  -1.7896352e+02
  -1.0473480e+02   2.9149190e+01  -6.4385429e+00   5.4980642e+02   1.0915650e+02  -1.7813417e+02
  -1.0295054e+02   2.8669964e+01  -7.2139494e+00   5.6609555e+02   1.0962813e+02  -1.7739695e+02
  -1.0106652e+02   2.8171278e+01  -7.9320731e+00   5.8270403e+02   1.0983208e+02  -1.7676074e+02
  -9.9102970e+01   2.7663551e+01  -8.5851514e+00   5.9959139e+02   1.0978375e+02  -1.7623036e+02
  -9.7076244e+01   2.7154824e+01  -9.1698454e+00   6.1672571e+02   1.0949829e+02  -1.7580669e+02
  -9.4999373e+01   2.6650962e+01  -9.6866979e+00   6.3408265e+02   1.0899014e+02  -1.7548708e+02
  -9.2882802e+01   2.6156023e+01  -1.0139461e+01   6.5164410e+02   1.0827261e+02  -1.7526582e+02
  -9.0735270e+01   2.5672777e+01  -1.0534249e+01   6.6939666e+02   1.0735764e+02  -1.7513482e+02
  -8.8564617e+01   2.5203186e+01  -1.0878736e+01   6.8733015e+02   1.0625563e+02  -1.7508421e+02
  -8.6378389e+01   2.4748822e+01  -1.1181412e+01   7.0543644e+02   1.0497545e+02  -1.7510305e+02
  -8.4184227e+01   2.4311118e+01  -1.1450924e+01   7.2370858e+02   1.0352453e+02  -1.7517999e+02
  -8.1989903e+01   2.3891478e+01  -1.1695574e+01   7.4214036e+02   1.0190914e+02  -1.7530383e+02
  -7.9803131e+01   2.3491270e+01  -1.1922861e+01   7.6072618e+02   1.0013480e+02  -1.7546406e+02
  -7.7631111e+01   2.3111727e+01  -1.2139198e+01   7.7946117e+02   9.8206783e+01  -1.7565128e+02
  -7.5480027e+01   2.2753816e+01  -1.2349646e+01   7.9834156e+02   9.6130737e+01  -1.7585745e+02
  -7.3354493e+01   2.2418149e+01  -1.2557803e+01   8.1736487e+02   9.3913357e+01  -1.7607609e+02
  -7.1257141e+01   2.2104937e+01  -1.2765735e+01   8.3653013e+02   9.1563018e+01  -1.7630228e+02
  -6.9188409e+01   2.1814007e+01  -1.2974059e+01   8.5583787e+02   8.9090357e+01  -1.7653257e+02
  -6.7146546e+01   2.1544917e+01  -1.3182064e+01   8.7528986e+02   8.6508694e+01  -1.7676477e+02
  -6.5127906e+01   2.1297054e+01  -1.3388010e+01   8.9488872e+02   8.3834354e+01  -1.7699766e+02
  -6.3127330e+01   2.1069839e+01  -1.3589425e+01   9.1463731e+02   8.1086731e+01  -1.7723067e+02
  -6.1138791e+01   2.0862881e+01  -1.3783464e+01   9.3453809e+02   7.8288276e+01  -1.7746351e+02
  -5.9156006e+01   2.0676122e+01  -1.3967291e+01   9.5459243e+02   7.5464262e+01  -1.7769595e+02
  -5.7173031e+01   2.0509919e+01  -1.4138397e+01   9.7480002e+02   7.2642457e+01  -1.7792756e+02
  -5.5184791e+01   2.0365002e+01  -1.4294891e+01   9.9515831e+02   6.9852690e+01  -1.7815766e+02
  -5.3187459e+01   2.0242355e+01  -1.4435672e+01   1.0156621e+03   6.7126317e+01  -1.7838534e+02
  -5.1178566e+01   2.0142992e+01  -1.4560504e+01   1.0363034e+03   6.4495702e+01  -1.7860971e+02
  -4.9157191e+01   2.0067563e+01  -1.4669969e+01   1.0570710e+03   6.1993644e+01  -1.7883022e+02
  -4.7123706e+01   2.0016078e+01  -1.4765271e+01   1.0779509e+03   5.9652846e+01  -1.7904710e+02
  -4.5079650e+01   1.9987532e+01  -1.4847904e+01   1.0989258e+03   5.7505378e+01  -1.7926182e+02
  -4.3027517e+01   1.9979662e+01  -1.4919229e+01   1.1199753e+03   5.5582206e+01  -1.7947761e+02
  -4.0970414e+01   1.9988893e+01  -1.4979966e+01   1.1410761e+03   5.3912672e+01  -1.7969977e+02
  -3.8911834e+01   2.0010393e+01  -1.5029703e+01   1.1622020e+03   5.2524039e+01  -1.7993588e+02
  -3.6855532e+01   2.0038247e+01  -1.5066453e+01   1.1833237e+03   5.1440964e+01  -1.8019581e+02
  -3.4805299e+01   2.0065847e+01  -1.5086387e+01   1.2044093e+03   5.0685018e+01  -1.8049134e+02
  -3.2764916e+01   2.0086284e+01  -1.5083749e+01   1.2254241e+03   5.0274137e+01  -1.8083567e+02
  -3.0738108e+01   2.0092771e+01  -1.5051080e+01   1.2463305e+03   5.0222100e+01  -1.8124255e+02
  -2.8728621e+01   2.0079129e+01  -1.4979581e+01   1.2670887e+03   5.0537971e+01  -1.8172531e+02
  -2.6740262e+01   2.0040154e+01  -1.4859839e+01   1.2876564e+03   5.1225532e+01  -1.8229573e+02
  -2.4777061e+01   1.9971925e+01  -1.4682681e+01   1.3079894e+03   5.2282751e+01  -1.8296297e+02
  -2.2843359e+01   1.9872038e+01  -1.4440165e+01   1.3280417e+03   5.3701268e+01  -1.8373258e+02
  -2.0943991e+01   1.9739733e+01  -1.4126540e+01   1.3477659e+03   5.5465933e+01  -1.8460571e+02
  -1.9084402e+01   1.9575919e+01  -1.3739161e+01   1.3671140e+03   5.7554397e+01  -1.8557865e+02
  -1.7270763e+01   1.9383120e+01  -1.3279188e+01   1.3860375e+03   5.9936858e+01  -1.8664274e+02
  -1.5510033e+01   1.9165341e+01  -1.2751979e+01   1.4044887e+03   6.2575887e+01  -1.8778467e+02
  -1.3810087e+01   1.8927834e+01  -1.2167172e+01   1.4224211e+03   6.5426504e+01  -1.8898716e+02
  -1.2179651e+01   1.8676909e+01  -1.1538331e+01   1.4397905e+03   6.8436402e+01  -1.9023001e+02
  -1.0628291e+01   1.8419602e+01  -1.0882256e+01   1.4565560e+03   7.1546501e+01  -1.9149143e+02
  -9.1663335e+00   1.8163374e+01  -1.0217918e+01   1.4726811e+03   7.4691787e+01  -1.9274949e+02
  -7.8045728e+00   1.7915763e+01  -9.5652494e+00   1.4881343e+03   7.7802506e+01  -1.9398361e+02
  -6.5540924e+00   1.7684007e+01  -8.9437409e+00   1.5028904e+03   8.0805724e+01  -1.9517593e+02
  -5.4258843e+00   1.7474638e+01  -8.3711710e+00   1.5169311e+03   8.3627267e+01  -1.9631251e+02
  -4.4303213e+00   1.7293235e+01  -7.8624685e+00   1.5302454e+03   8.6194032e+01  -1.9738410e+02
  -3.5767420e+00   1.7144048e+01  -7.4289059e+00   1.5428298e+03   8.8436587e+01  -1.9838655e+02
  -2.8728441e+00   1.7029932e+01  -7.0776013e+00   1.5546886e+03   9.0292013e+01  -1.9932074e+02
  -2.3241452e+00   1.6952278e+01  -6.8114035e+00   1.5658335e+03   9.1706838e+01  -2.0019207e+02
  -1.9334144e+00   1.6911095e+01  -6.6291098e+00   1.5762824e+03   9.2639970e+01  -2.0100958e+02
  -1.7002688e+00   1.6905120e+01  -6.5259488e+00   1.5860590e+03   9.3065346e+01  -2.0178471e+02
  -1.6206248e+00   1.6932099e+01  -6.4942423e+00   1.5951905e+03   9.2974260e+01  -2.0252992e+02
  -1.6865234e+00   1.6988910e+01  -6.5241773e+00   1.6037061e+03   9.2376923e+01  -2.0325720e+02
  -1.8859752e+00   1.7071819e+01  -6.6045580e+00   1.6116348e+03   9.1303241e+01  -2.0397662e+02
  -2.2030071e+00   1.7176589e+01  -6.7235976e+00   1.6190028e+03   8.9802528e+01  -2.0469517e+02
  -2.6180230e+00   1.7298578e+01  -6.8695554e+00   1.6258319e+03   8.7942035e+01  -2.0541579e+02
  -3.1083500e+00   1.7432820e+01  -7.0313391e+00   1.6321368e+03   8.5804233e+01  -2.0613689e+02
  -3.6492017e+00   1.7574084e+01  -7.1989475e+00   1.6379246e+03   8.3482840e+01  -2.0685236e+02
  -4.2147727e+00   1.7717023e+01  -7.3638126e+00   1.6431946e+03   8.1077804e+01  -2.0755205e+02
  -4.7795480e+00   1.7856367e+01  -7.5190081e+00   1.6479390e+03   7.8689472e+01  -2.0822279e+02
  -5.3198656e+00   1.7987221e+01  -7.6593531e+00   1.6521453e+03   7.6412234e+01  -2.0884981e+02
