   2.4488761e+00   3.2796700e+01  -1.2996537e+01   2.8546680e+02   8.2558874e+01  -1.7896860e+02
   1.0303503e+00   3.2843028e+01  -1.2514561e+01   2.8862373e+02   7.8615087e+01  -1.7987208e+02
  -3.8763283e-01   3.2884716e+01  -1.2041032e+01   2.9171674e+02   7.4714851e+01  -1.8076087e+02
  -1.8143616e+00   3.2926719e+01  -1.1578485e+01   2.9471600e+02   7.0897149e+01  -1.8161312e+02
  -3.2579523e+00   3.2974426e+01  -1.1130204e+01   2.9759345e+02   6.7194599e+01  -1.8240608e+02
  -4.7235446e+00   3.3033314e+01  -1.0700543e+01   3.0032292e+02   6.3633233e+01  -1.8311700e+02
  -6.2120505e+00   3.3108576e+01  -1.0294989e+01   3.0288078e+02   6.0232617e+01  -1.8372433e+02
  -7.7195730e+00   3.3204741e+01  -9.9199211e+00   3.0524695e+02   5.7006291e+01  -1.8420911e+02
  -9.2373579e+00   3.3325277e+01  -9.5821030e+00   3.0740613e+02   5.3962520e+01  -1.8455650e+02
  -1.0752169e+01   3.3472175e+01  -9.2880014e+00   3.0934892e+02   5.1105340e+01  -1.8475715e+02
  -1.2247025e+01   3.3645572e+01  -9.0430336e+00   3.1107252e+02   4.8435770e+01  -1.8480846e+02
  -1.3702168e+01   3.3843428e+01  -8.8508865e+00   3.1258087e+02   4.5953091e+01  -1.8471528e+02
  -1.5096269e+01   3.4061357e+01  -8.7130051e+00   3.1388416e+02   4.3655994e+01  -1.8449008e+02
  -1.6407766e+01   3.4292663e+01  -8.6283527e+00   3.1499780e+02   4.1543459e+01  -1.8415239e+02
  -1.7616274e+01   3.4528674e+01  -8.5934445e+00   3.1594100e+02   3.9615224e+01  -1.8372756e+02
  -1.8703999e+01   3.4759355e+01  -8.6026494e+00   3.1673516e+02   3.7871780e+01  -1.8324487e+02
  -1.9657005e+01   3.4974194e+01  -8.6486858e+00   3.1740230e+02   3.6313916e+01  -1.8273521e+02
  -2.0466233e+01   3.5163227e+01  -8.7232443e+00   3.1796360e+02   3.4941908e+01  -1.8222872e+02
  -2.1128139e+01   3.5318053e+01  -8.8176390e+00   3.1843835e+02   3.3754541e+01  -1.8175245e+02
  -2.1644883e+01   3.5432666e+01  -8.9234371e+00   3.1884319e+02   3.2748163e+01  -1.8132858e+02
  -2.2024026e+01   3.5503982e+01  -9.0329865e+00   3.1919181e+02   3.1915969e+01  -1.8097320e+02
  -2.2277813e+01   3.5531970e+01  -9.1398270e+00   3.1949497e+02   3.1247643e+01  -1.8069580e+02
  -2.2422109e+01   3.5519449e+01  -9.2389463e+00   3.1976077e+02   3.0729418e+01  -1.8049943e+02
  -2.2475163e+01   3.5471569e+01  -9.3269016e+00   3.1999509e+02   3.0344530e+01  -1.8038139e+02
  -2.2456317e+01   3.5395146e+01  -9.4017948e+00   3.2020212e+02   3.0073988e+01  -1.8033429e+02
  -2.2384784e+01   3.5297917e+01  -9.4631403e+00   3.2038482e+02   2.9897551e+01  -1.8034726e+02
  -2.2278606e+01   3.5187818e+01  -9.5116314e+00   3.2054540e+02   2.9794796e+01  -1.8040734e+02
  -2.2153817e+01   3.5072371e+01  -9.5488464e+00   3.2068557e+02   2.9746154e+01  -1.8050068e+02
  -2.2023880e+01   3.4958184e+01  -9.5769192e+00   3.2080690e+02   2.9733817e+01  -1.8061374e+02
  -2.1899385e+01   3.4850639e+01  -9.5982176e+00   3.2091084e+02   2.9742441e+01  -1.8073424e+02
  -2.1787969e+01   3.4753720e+01  -9.6150573e+00   3.2099889e+02   2.9759596e+01  -1.8085180e+02
  -2.1694462e+01   3.4669996e+01  -9.6294768e+00   3.2107260e+02   2.9775955e+01  -1.8095843e+02
  -2.1621160e+01   3.4600725e+01  -9.6430800e+00   3.2113352e+02   2.9785225e+01  -1.8104870e+02
  -2.1568235e+01   3.4546048e+01  -9.6569529e+00   3.2118326e+02   2.9783859e+01  -1.8111961e+02
  -2.1534186e+01   3.4505232e+01  -9.6716493e+00   3.2122341e+02   2.9770623e+01  -1.8117039e+02
  -2.1516326e+01   3.4476935e+01  -9.6872364e+00   3.2125551e+02   2.9746057e+01  -1.8120207e+02
  -2.1511244e+01   3.4459455e+01  -9.7033883e+00   3.2128104e+02   2.9711911e+01  -1.8121699e+02
  -2.1515239e+01   3.4450951e+01  -9.7195081e+00   3.2130137e+02   2.9670615e+01  -1.8121830e+02
  -2.1524688e+01   3.4449609e+01  -9.7348717e+00   3.2131772e+02   2.9624819e+01  -1.8120946e+02
  -2.1536343e+01   3.4453759e+01  -9.7487675e+00   3.2133113e+02   2.9577042e+01  -1.8119384e+02
  -2.1547547e+01   3.4461948e+01  -9.7606243e+00   3.2134245e+02   2.9529437e+01  -1.8117435e+02
  -2.1556379e+01   3.4472960e+01  -9.7701089e+00   3.2135227e+02   2.9483667e+01  -1.8115329e+02
  -2.1561698e+01   3.4485820e+01  -9.7771878e+00   3.2136098e+02   2.9440884e+01  -1.8113222e+02
  -2.1563137e+01   3.4499764e+01  -9.7821418e+00   3.2136878e+02   2.9401781e+01  -1.8111197e+02
  -2.1561025e+01   3.4514204e+01  -9.7855420e+00   3.2137574e+02   2.9366695e+01  -1.8109278e+02
  -2.1556264e+01   3.4528679e+01  -9.7881935e+00   3.2138186e+02   2.9335725e+01  -1.8107445e+02
  -2.1550180e+01   3.4542812e+01  -9.7910490e+00   3.2138721e+02   2.9308848e+01  -1.8105658e+02
  -2.1544354e+01   3.4556272e+01  -9.7951242e+00   3.2139196e+02   2.9286011e+01  -1.8103871e+02
  -2.1540464e+01   3.4568741e+01  -9.8014106e+00   3.2139648e+02   2.9267179e+01  -1.8102057e+02
  -2.1540132e+01   3.4579902e+01  -9.8108124e+00   3.2140137e+02   2.9252355e+01  -1.8100218e+02
  -2.1544802e+01   3.4589436e+01  -9.8241062e+00   3.2140747e+02   2.9241555e+01  -1.8098389e+02
  -2.1555651e+01   3.4597031e+01  -9.8419308e+00   3.2141581e+02   2.9234767e+01  -1.8096644e+02
  -2.1573533e+01   3.4602392e+01  -9.8648073e+00   3.2142754e+02   2.9231914e+01  -1.8095086e+02
  -2.1598966e+01   3.4605258e+01  -9.8931759e+00   3.2144386e+02   2.9232820e+01  -1.8093838e+02
  -2.1632156e+01   3.4605418e+01  -9.9274494e+00   3.2146589e+02   2.9237209e+01  -1.8093036e+02
  -2.1673065e+01   3.4602711e+01  -9.9680719e+00   3.2149461e+02   2.9244735e+01  -1.8092815e+02
  -2.1721504e+01   3.4597060e+01  -1.0015560e+01   3.2153079e+02   2.9255047e+01  -1.8093303e+02
  -2.1777245e+01   3.4588492e+01  -1.0070531e+01   3.2157492e+02   2.9267855e+01  -1.8094619e+02
  -2.1840141e+01   3.4577191e+01  -1.0133704e+01   3.2162723e+02   2.9283008e+01  -1.8096872e+02
  -2.1910229e+01   3.4563547e+01  -1.0205878e+01   3.2168773e+02   2.9300543e+01  -1.8100168e+02
  -2.1987805e+01   3.4548217e+01  -1.0287884e+01   3.2175626e+02   2.9320704e+01  -1.8104617e+02
  -2.2073444e+01   3.4532185e+01  -1.0380523e+01   3.2183248e+02   2.9343918e+01  -1.8110341e+02
  -2.2168005e+01   3.4516793e+01  -1.0484497e+01   3.2191601e+02   2.9370735e+01  -1.8117481e+02
  -2.2272571e+01   3.4503731e+01  -1.0600359e+01   3.2200638e+02   2.9401749e+01  -1.8126198e+02
  -2.2388364e+01   3.4494998e+01  -1.0728459e+01   3.2210309e+02   2.9437518e+01  -1.8136671e+02
  -2.2516656e+01   3.4492794e+01  -1.0868932e+01   3.2220558e+02   2.9478501e+01  -1.8149089e+02
  -2.2658652e+01   3.4499368e+01  -1.1021706e+01   3.2231315e+02   2.9525033e+01  -1.8163636e+02
  -2.2815409e+01   3.4516840e+01  -1.1186524e+01   3.2242498e+02   2.9577343e+01  -1.8180476e+02
  -2.2987777e+01   3.4547001e+01  -1.1362975e+01   3.2254003e+02   2.9635604e+01  -1.8199733e+02
  -2.3176375e+01   3.4591162e+01  -1.1550509e+01   3.2265703e+02   2.9700016e+01  -1.8221474e+02
  -2.3381633e+01   3.4650021e+01  -1.1748433e+01   3.2277451e+02   2.9770879e+01  -1.8245694e+02
  -2.3603837e+01   3.4723598e+01  -1.1955879e+01   3.2289086e+02   2.9848655e+01  -1.8272305e+02
  -2.3843246e+01   3.4811226e+01  -1.2171747e+01   3.2300443e+02   2.9934007e+01  -1.8301132e+02
  -2.4100159e+01   3.4911601e+01  -1.2394619e+01   3.2311369e+02   3.0027794e+01  -1.8331910e+02
  -2.4375015e+01   3.5022881e+01  -1.2622674e+01   3.2321739e+02   3.0131033e+01  -1.8364296e+02
  -2.4668443e+01   3.5142822e+01  -1.2853609e+01   3.2331474e+02   3.0244840e+01  -1.8397870e+02
  -2.4981312e+01   3.5268926e+01  -1.3084587e+01   3.2340553e+02   3.0370342e+01  -1.8432150e+02
  -2.5314740e+01   3.5398615e+01  -1.3312229e+01   3.2349028e+02   3.0508587e+01  -1.8466607e+02
  -2.5670098e+01   3.5529373e+01  -1.3532662e+01   3.2357020e+02   3.0660467e+01  -1.8500673e+02
  -2.6048991e+01   3.5658887e+01  -1.3741618e+01   3.2364722e+02   3.0826660e+01  -1.8533758e+02
  -2.6453243e+01   3.5785151e+01  -1.3934578e+01   3.2372383e+02   3.1007611e+01  -1.8565258e+02
  -2.6884872e+01   3.5906548e+01  -1.4106950e+01   3.2380295e+02   3.1203555e+01  -1.8594576e+02
  -2.7346059e+01   3.6021883e+01  -1.4254274e+01   3.2388767e+02   3.1414596e+01  -1.8621126e+02
  -2.7839120e+01   3.6130405e+01  -1.4372415e+01   3.2398106e+02   3.1640819e+01  -1.8644359e+02
  -2.8366455e+01   3.6231778e+01  -1.4457762e+01   3.2408597e+02   3.1882452e+01  -1.8663772e+02
  -2.8930495e+01   3.6326061e+01  -1.4507373e+01   3.2420488e+02   3.2140027e+01  -1.8678934e+02
  -2.9533616e+01   3.6413650e+01  -1.4519099e+01   3.2433978e+02   3.2414545e+01  -1.8689497e+02
  -3.0178056e+01   3.6495228e+01  -1.4491651e+01   3.2449218e+02   3.2707600e+01  -1.8695222e+02
  -3.0865820e+01   3.6571705e+01  -1.4424629e+01   3.2466319e+02   3.3021445e+01  -1.8695986e+02
  -3.1598592e+01   3.6644151e+01  -1.4318505e+01   3.2485368e+02   3.3358985e+01  -1.8691795e+02
  -3.2377683e+01   3.6713751e+01  -1.4174568e+01   3.2506447e+02   3.3723675e+01  -1.8682790e+02
  -3.3204012e+01   3.6781755e+01  -1.3994844e+01   3.2529660e+02   3.4119337e+01  -1.8669237e+02
  -3.4078162e+01   3.6849452e+01  -1.3781988e+01   3.2555157e+02   3.4549888e+01  -1.8651518e+02
  -3.5000524e+01   3.6918154e+01  -1.3539165e+01   3.2583160e+02   3.5019009e+01  -1.8630118e+02
  -3.5971526e+01   3.6989195e+01  -1.3269924e+01   3.2613981e+02   3.5529769e+01  -1.8605597e+02
  -3.6991947e+01   3.7063939e+01  -1.2978067e+01   3.2648028e+02   3.6084257e+01  -1.8578564e+02
  -3.8063312e+01   3.7143767e+01  -1.2667528e+01   3.2685816e+02   3.6683249e+01  -1.8549652e+02
  -3.9188305e+01   3.7230064e+01  -1.2342258e+01   3.2727952e+02   3.7325960e+01  -1.8519493e+02
  -4.0371133e+01   3.7324200e+01  -1.2006085e+01   3.2775129e+02   3.8009938e+01  -1.8488688e+02
  -4.1617826e+01   3.7427490e+01  -1.1662594e+01   3.2828100e+02   3.8731112e+01  -1.8457796e+02
  -4.2936424e+01   3.7541175e+01  -1.1314964e+01   3.2887658e+02   3.9484035e+01  -1.8427319e+02
  -4.4336987e+01   3.7666417e+01  -1.0965813e+01   3.2954607e+02   4.0262323e+01  -1.8397701e+02
  -4.5831463e+01   3.7804324e+01  -1.0617038e+01   3.3029732e+02   4.1059298e+01  -1.8369321e+02
  -4.7433368e+01   3.7956019e+01  -1.0269660e+01   3.3113770e+02   4.1868787e+01  -1.8342507e+02
  -4.9157328e+01   3.8122756e+01  -9.9237034e+00   3.3207388e+02   4.2686084e+01  -1.8317536e+02
  -5.1018436e+01   3.8306082e+01  -9.5781136e+00   3.3311155e+02   4.3508983e+01  -1.8294645e+02
  -5.3031480e+01   3.8508039e+01  -9.2307169e+00   3.3425542e+02   4.4338862e+01  -1.8274034e+02
  -5.5210007e+01   3.8731377e+01  -8.8782399e+00   3.3550923e+02   4.5181715e+01  -1.8255870e+02
  -5.7565278e+01   3.8979811e+01  -8.5163740e+00   3.3687607e+02   4.6049062e+01  -1.8240289e+02
  -6.0105096e+01   3.9258127e+01  -8.1399254e+00   3.3835898e+02   4.6958647e+01  -1.8227381e+02
  -6.2832562e+01   3.9572227e+01  -7.7430471e+00   3.3996196e+02   4.7934781e+01  -1.8217190e+02
  -6.5744809e+01   3.9928910e+01  -7.3196301e+00   3.4169129e+02   4.9008213e+01  -1.8209688e+02
  -6.8831795e+01   4.0335410e+01  -6.8638862e+00   3.4355740e+02   5.0215366e+01  -1.8204758e+02
  -7.2075192e+01   4.0798667e+01  -6.3712016e+00   3.4557699e+02   5.1596776e+01  -1.8202161e+02
  -7.5447535e+01   4.1324403e+01  -5.8392232e+00   3.4777537e+02   5.3194617e+01  -1.8201499e+02
  -7.8911781e+01   4.1916139e+01  -5.2691467e+00   3.5018861e+02   5.5049270e+01  -1.8202177e+02
  -8.2421540e+01   4.2574266e+01  -4.6670016e+00   3.5286496e+02   5.7195026e+01  -1.8203372e+02
  -8.5922302e+01   4.3295308e+01  -4.0446110e+00   3.5586504e+02   5.9655320e+01  -1.8204005e+02
  -8.9353977e+01   4.4071300e+01  -3.4199211e+00   3.5926015e+02   6.2438181e+01  -1.8202755e+02
  -9.2654771e+01   4.4889307e+01  -2.8163188e+00   3.6312858e+02   6.5532903e+01  -1.8198090e+02
  -9.5765831e+01   4.5731241e+01  -2.2607188e+00   3.6755048e+02   6.8908965e+01  -1.8188364e+02
  -9.8635475e+01   4.6574374e+01  -1.7806540e+00   3.7260245e+02   7.2517737e+01  -1.8171939e+02
  -1.0122164e+02   4.7392914e+01  -1.4010565e+00   3.7835319e+02   7.6296564e+01  -1.8147331e+02
  -1.0349192e+02   4.8160718e+01  -1.1416400e+00   3.8486103e+02   8.0173935e+01  -1.8113337e+02
  -1.0542208e+02   4.8854088e+01  -1.0157398e+00   3.9217280e+02   8.4074426e+01  -1.8069124e+02
  -1.0699462e+02   4.9453733e+01  -1.0303922e+00   4.0032316e+02   8.7922815e+01  -1.8014272e+02
  -1.0819816e+02   4.9945351e+01  -1.1871423e+00   4.0933356e+02   9.1647538e+01  -1.7948789e+02
  -1.0902793e+02   5.0319270e+01  -1.4828238e+00   4.1921118e+02   9.5183746e+01  -1.7873122e+02
  -1.0948636e+02   5.0569884e+01  -1.9099912e+00   4.2994818e+02   9.8475926e+01  -1.7788174e+02
  -1.0958340e+02   5.0695291e+01  -2.4571067e+00   4.4152165e+02   1.0147980e+02  -1.7695290e+02
  -1.0933635e+02   5.0697256e+01  -3.1086534e+00   4.5389448e+02   1.0416325e+02  -1.7596234e+02
  -1.0876914e+02   5.0581281e+01  -3.8454439e+00   4.6701707e+02   1.0650611e+02  -1.7493123e+02
  -1.0791114e+02   5.0356553e+01  -4.6453001e+00   4.8082982e+02   1.0849905e+02  -1.7388320e+02
  -1.0679553e+02   5.0035585e+01  -5.4841588e+00   4.9526641e+02   1.1014178e+02  -1.7284304e+02
  -1.0545741e+02   4.9633446e+01  -6.3375265e+00   5.1025741e+02   1.1144087e+02  -1.7183507e+02
  -1.0393179e+02   4.9166664e+01  -7.1820926e+00   5.2573406e+02   1.1240770e+02  -1.7088169e+02
  -1.0225178e+02   4.8651973e+01  -7.9972344e+00   5.4163174e+02   1.1305668e+02  -1.7000210e+02
  -1.0044709e+02   4.8105089e+01  -8.7662002e+00   5.5789269e+02   1.1340380e+02  -1.6921135e+02
  -9.8543139e+01   4.7539775e+01  -9.4767931e+00   5.7446780e+02   1.1346574e+02  -1.6851993e+02
  -9.6560778e+01   4.6967306e+01  -1.0121537e+01   5.9131722e+02   1.1325912e+02  -1.6793370e+02
  -9.4516543e+01   4.6396320e+01  -1.0697425e+01   6.0841013e+02   1.1280010e+02  -1.6745417e+02
  -9.2423401e+01   4.5833101e+01  -1.1205268e+01   6.2572355e+02   1.1210402e+02  -1.6707905e+02
  -9.0291684e+01   4.5282036e+01  -1.1648959e+01   6.4324092e+02   1.1118516e+02  -1.6680292e+02
  -8.8130082e+01   4.4746203e+01  -1.2034601e+01   6.6095032e+02   1.1005653e+02  -1.6661790e+02
  -8.5946543e+01   4.4227911e+01  -1.2369722e+01   6.7884295e+02   1.0872979e+02  -1.6651447e+02
  -8.3748863e+01   4.3729109e+01  -1.2662575e+01   6.9691184e+02   1.0721520e+02  -1.6648210e+02
  -8.1545029e+01   4.3251614e+01  -1.2921539e+01   7.1515098e+02   1.0552176e+02  -1.6650993e+02
  -7.9343171e+01   4.2797155e+01  -1.3154681e+01   7.3355485e+02   1.0365739e+02  -1.6658728e+02
  -7.7151262e+01   4.2367294e+01  -1.3369352e+01   7.5211835e+02   1.0162927e+02  -1.6670413e+02
  -7.4976590e+01   4.1963259e+01  -1.3571942e+01   7.7083697e+02   9.9444349e+01  -1.6685146e+02
  -7.2825175e+01   4.1585763e+01  -1.3767641e+01   7.8970712e+02   9.7109808e+01  -1.6702149e+02
  -7.0701219e+01   4.1234910e+01  -1.3960311e+01   8.0872646e+02   9.4633692e+01  -1.6720781e+02
  -6.8606708e+01   4.0910163e+01  -1.4152404e+01   8.2789410e+02   9.2025466e+01  -1.6740539e+02
  -6.6541292e+01   4.0610437e+01  -1.4345001e+01   8.4721058e+02   8.9296527e+01  -1.6761052e+02
  -6.4502377e+01   4.0334293e+01  -1.4537881e+01   8.6667766e+02   8.6460586e+01  -1.6782065e+02
  -6.2485536e+01   4.0080145e+01  -1.4729770e+01   8.8629795e+02   8.3533982e+01  -1.6803414e+02
  -6.0484982e+01   3.9846546e+01  -1.4918600e+01   9.0607431e+02   8.0535769e+01  -1.6825000e+02
  -5.8494265e+01   3.9632424e+01  -1.5101832e+01   9.2600921e+02   7.7487760e+01  -1.6846759e+02
  -5.6506921e+01   3.9437256e+01  -1.5276833e+01   9.4610406e+02   7.4414386e+01  -1.6868643e+02
  -5.4517044e+01   3.9261157e+01  -1.5441196e+01   9.6635863e+02   7.1342474e+01  -1.6890596e+02
  -5.2519773e+01   3.9104807e+01  -1.5593047e+01   9.8677048e+02   6.8300945e+01  -1.6912549e+02
  -5.0511605e+01   3.8969279e+01  -1.5731236e+01   1.0073346e+03   6.5320394e+01  -1.6934423e+02
  -4.8490456e+01   3.8855752e+01  -1.5855445e+01   1.0280432e+03   6.2432665e+01  -1.6956145e+02
  -4.6455770e+01   3.8765079e+01  -1.5966141e+01   1.0488855e+03   5.9670374e+01  -1.6977677e+02
  -4.4408240e+01   3.8697450e+01  -1.6064399e+01   1.0698474e+03   5.7066393e+01  -1.6999054e+02
  -4.2349615e+01   3.8651986e+01  -1.6151585e+01   1.0909121e+03   5.4653352e+01  -1.7020421e+02
  -4.0282495e+01   3.8626517e+01  -1.6228908e+01   1.1120596e+03   5.2463126e+01  -1.7042081e+02
  -3.8209963e+01   3.8617514e+01  -1.6296929e+01   1.1332671e+03   5.0526268e+01  -1.7064518e+02
  -3.6135406e+01   3.8620194e+01  -1.6355055e+01   1.1545088e+03   4.8871464e+01  -1.7088424e+02
  -3.4062346e+01   3.8628712e+01  -1.6401098e+01   1.1757561e+03   4.7524966e+01  -1.7114686e+02
  -3.1994323e+01   3.8636618e+01  -1.6430992e+01   1.1969778e+03   4.6509990e+01  -1.7144367e+02
  -2.9934867e+01   3.8637278e+01  -1.6438711e+01   1.2181401e+03   4.5846120e+01  -1.7178654e+02
  -2.7887533e+01   3.8624339e+01  -1.6416480e+01   1.2392064e+03   4.5548717e+01  -1.7218779e+02
  -2.5856023e+01   3.8592221e+01  -1.6355147e+01   1.2601378e+03   4.5628327e+01  -1.7265938e+02
  -2.3844274e+01   3.8536473e+01  -1.6244911e+01   1.2808930e+03   4.6090089e+01  -1.7321184e+02
  -2.1856666e+01   3.8454048e+01  -1.6076193e+01   1.3014283e+03   4.6933180e+01  -1.7385337e+02
  -1.9898099e+01   3.8343450e+01  -1.5840648e+01   1.3216981e+03   4.8150299e+01  -1.7458889e+02
  -1.7974151e+01   3.8204787e+01  -1.5532158e+01   1.3416548e+03   4.9727190e+01  -1.7541939e+02
  -1.6091125e+01   3.8039664e+01  -1.5147785e+01   1.3612496e+03   5.1642232e+01  -1.7634149e+02
  -1.4256103e+01   3.7851058e+01  -1.4688494e+01   1.3804324e+03   5.3866148e+01  -1.7734739e+02
  -1.2476884e+01   3.7643067e+01  -1.4159589e+01   1.3991531e+03   5.6361822e+01  -1.7842505e+02
  -1.0762063e+01   3.7420684e+01  -1.3570782e+01   1.4173620e+03   5.9084341e+01  -1.7955891e+02
  -9.1208563e+00   3.7189572e+01  -1.2935865e+01   1.4350111e+03   6.1981186e+01  -1.8073072e+02
  -7.5630532e+00   3.6955805e+01  -1.2271993e+01   1.4520548e+03   6.4992781e+01  -1.8192077e+02
  -6.0988882e+00   3.6725660e+01  -1.1598596e+01   1.4684517e+03   6.8053345e+01  -1.8310921e+02
  -4.7387554e+00   3.6505348e+01  -1.0936144e+01   1.4841652e+03   7.1092107e+01  -1.8427736e+02
  -3.4930142e+00   3.6300764e+01  -1.0304705e+01   1.4991652e+03   7.4034962e+01  -1.8540903e+02
  -2.3716718e+00   3.6117183e+01  -9.7226321e+00   1.5134288e+03   7.6806492e+01  -1.8649162e+02
  -1.3839347e+00   3.5959069e+01  -9.2054057e+00   1.5269410e+03   7.9332347e+01  -1.8751679e+02
  -5.3787956e-01   3.5829769e+01  -8.7647856e+00   1.5396951e+03   8.1541973e+01  -1.8848097e+02
   1.5999566e-01   3.5731472e+01  -8.4082898e+00   1.5516933e+03   8.3371466e+01  -1.8938523e+02
   7.0521170e-01   3.5665144e+01  -8.1390704e+00   1.5629458e+03   8.4766558e+01  -1.9023487e+02
   1.0957193e+00   3.5630621e+01  -7.9561079e+00   1.5734703e+03   8.5685511e+01  -1.9103855e+02
   1.3322387e+00   3.5626722e+01  -7.8546851e+00   1.5832910e+03   8.6101765e+01  -1.9180716e+02
   1.4187304e+00   3.5651497e+01  -7.8270504e+00   1.5924369e+03   8.6006158e+01  -1.9255247e+02
   1.3626228e+00   3.5702343e+01  -7.8631907e+00   1.6009395e+03   8.5408478e+01  -1.9328570e+02
   1.1750374e+00   3.5776215e+01  -7.9515998e+00   1.6088310e+03   8.4338180e+01  -1.9401612e+02
   8.7084584e-01   3.5869689e+01  -8.0800874e+00   1.6161413e+03   8.2844053e+01  -1.9474987e+02
   4.6849283e-01   3.5978996e+01  -8.2364486e+00   1.6228963e+03   8.0992766e+01  -1.9548903e+02
  -1.0414786e-02   3.6100031e+01  -8.4090997e+00   1.6291154e+03   7.8866139e+01  -1.9623114e+02
  -5.4191571e-01   3.6228345e+01  -8.5875554e+00   1.6348101e+03   7.6557219e+01  -1.9696917e+02
  -1.1007042e+00   3.6359242e+01  -8.7628077e+00   1.6399843e+03   7.4165284e+01  -1.9769207e+02
  -1.6613873e+00   3.6487910e+01  -8.9275698e+00   1.6446344e+03   7.1790054e+01  -1.9838574e+02
  -2.2000802e+00   3.6609722e+01  -9.0763953e+00   1.6487517e+03   6.9525358e+01  -1.9903453e+02
