   5.0437861e+00   2.2141087e+01  -1.4927376e+01   2.7953848e+02   7.4563045e+01  -1.7092477e+02
   3.6936442e+00   2.2134752e+01  -1.4518770e+01   2.8250412e+02   7.0777879e+01  -1.7177395e+02
   2.3256529e+00   2.2137157e+01  -1.4114125e+01   2.8541123e+02   6.7035491e+01  -1.7260926e+02
   9.3010334e-01   2.2154017e+01  -1.3713349e+01   2.8823089e+02   6.3375130e+01  -1.7341012e+02
  -5.0090568e-01   2.2190876e+01  -1.3317646e+01   2.9093562e+02   5.9829498e+01  -1.7415522e+02
  -1.9716031e+00   2.2252683e+01  -1.2929983e+01   2.9349948e+02   5.6424450e+01  -1.7482334e+02
  -3.4813052e+00   2.2343422e+01  -1.2555230e+01   2.9589874e+02   5.3179080e+01  -1.7539445e+02
  -5.0238486e+00   2.2465754e+01  -1.2199958e+01   2.9811285e+02   5.0106225e+01  -1.7585102e+02
  -6.5876068e+00   2.2620698e+01  -1.1871935e+01   3.0012576e+02   4.7213307e+01  -1.7617935e+02
  -8.1559737e+00   2.2807336e+01  -1.1579379e+01   3.0192709e+02   4.4503503e+01  -1.7637087e+02
  -9.7082528e+00   2.3022588e+01  -1.1330103e+01   3.0351296e+02   4.1977060e+01  -1.7642318e+02
  -1.1220804e+01   2.3261057e+01  -1.1130668e+01   3.0488630e+02   3.9632644e+01  -1.7634073e+02
  -1.2668437e+01   2.3515035e+01  -1.0985663e+01   3.0605657e+02   3.7468530e+01  -1.7613493e+02
  -1.4025966e+01   2.3774743e+01  -1.0897207e+01   3.0703883e+02   3.5483454e+01  -1.7582363e+02
  -1.5269819e+01   2.4028837e+01  -1.0864717e+01   3.0785246e+02   3.3677037e+01  -1.7543000e+02
  -1.6379663e+01   2.4265220e+01  -1.0884936e+01   3.0851952e+02   3.2049701e+01  -1.7498080e+02
  -1.7339851e+01   2.4472095e+01  -1.0952201e+01   3.0906311e+02   3.0602135e+01  -1.7450434e+02
  -1.8140576e+01   2.4639108e+01  -1.1058897e+01   3.0950585e+02   2.9334422e+01  -1.7402831e+02
  -1.8778585e+01   2.4758428e+01  -1.1196043e+01   3.0986854e+02   2.8245029e+01  -1.7357770e+02
  -1.9257346e+01   2.4825543e+01  -1.1353973e+01   3.1016932e+02   2.7329870e+01  -1.7317314e+02
  -1.9586630e+01   2.4839652e+01  -1.1523021e+01   3.1042316e+02   2.6581636e+01  -1.7282985e+02
  -1.9781585e+01   2.4803581e+01  -1.1694186e+01   3.1064172e+02   2.5989517e+01  -1.7255708e+02
  -1.9861407e+01   2.4723296e+01  -1.1859678e+01   3.1083360e+02   2.5539344e+01  -1.7235827e+02
  -1.9847787e+01   2.4607093e+01  -1.2013343e+01   3.1100472e+02   2.5214124e+01  -1.7223160e+02
  -1.9763333e+01   2.4464657e+01  -1.2150882e+01   3.1115888e+02   2.4994867e+01  -1.7217087e+02
  -1.9630088e+01   2.4306101e+01  -1.2269900e+01   3.1129828e+02   2.4861594e+01  -1.7216666e+02
  -1.9468302e+01   2.4141113e+01  -1.2369774e+01   3.1142407e+02   2.4794392e+01  -1.7220744e+02
  -1.9295494e+01   2.3978271e+01  -1.2451369e+01   3.1153672e+02   2.4774419e+01  -1.7228078e+02
  -1.9125859e+01   2.3824581e+01  -1.2516670e+01   3.1163645e+02   2.4784766e+01  -1.7237434e+02
  -1.8970029e+01   2.3685234e+01  -1.2568361e+01   3.1172338e+02   2.4811082e+01  -1.7247680e+02
  -1.8835101e+01   2.3563562e+01  -1.2609420e+01   3.1179774e+02   2.4841960e+01  -1.7257851e+02
  -1.8724949e+01   2.3461176e+01  -1.2642773e+01   3.1185999e+02   2.4869053e+01  -1.7267189e+02
  -1.8640657e+01   2.3378207e+01  -1.2671016e+01   3.1191077e+02   2.4886941e+01  -1.7275167e+02
  -1.8581098e+01   2.3313638e+01  -1.2696236e+01   3.1195101e+02   2.4892803e+01  -1.7281481e+02
  -1.8543523e+01   2.3265652e+01  -1.2719916e+01   3.1198181e+02   2.4885949e+01  -1.7286032e+02
  -1.8524162e+01   2.3231979e+01  -1.2742929e+01   3.1200445e+02   2.4867269e+01  -1.7288888e+02
  -1.8518747e+01   2.3210184e+01  -1.2765603e+01   3.1202031e+02   2.4838685e+01  -1.7290246e+02
  -1.8522980e+01   2.3197910e+01  -1.2787825e+01   3.1203077e+02   2.4802637e+01  -1.7290376e+02
  -1.8532896e+01   2.3193032e+01  -1.2809196e+01   3.1203718e+02   2.4761669e+01  -1.7289586e+02
  -1.8545123e+01   2.3193748e+01  -1.2829181e+01   3.1204073e+02   2.4718124e+01  -1.7288176e+02
  -1.8557056e+01   2.3198609e+01  -1.2847263e+01   3.1204241e+02   2.4673954e+01  -1.7286412e+02
  -1.8566931e+01   2.3206497e+01  -1.2863065e+01   3.1204296e+02   2.4630652e+01  -1.7284503e+02
  -1.8573812e+01   2.3216576e+01  -1.2876450e+01   3.1204286e+02   2.4589259e+01  -1.7282592e+02
  -1.8577513e+01   2.3228213e+01  -1.2887562e+01   3.1204234e+02   2.4550456e+01  -1.7280759e+02
  -1.8578464e+01   2.3240909e+01  -1.2896834e+01   3.1204145e+02   2.4514680e+01  -1.7279029e+02
  -1.8577553e+01   2.3254217e+01  -1.2904953e+01   3.1204014e+02   2.4482243e+01  -1.7277385e+02
  -1.8575947e+01   2.3267679e+01  -1.2912795e+01   3.1203835e+02   2.4453451e+01  -1.7275793e+02
  -1.8574927e+01   2.3280790e+01  -1.2921351e+01   3.1203615e+02   2.4428660e+01  -1.7274215e+02
  -1.8575744e+01   2.3292976e+01  -1.2931640e+01   3.1203376e+02   2.4408313e+01  -1.7272628e+02
  -1.8579521e+01   2.3303609e+01  -1.2944646e+01   3.1203164e+02   2.4392908e+01  -1.7271038e+02
  -1.8587174e+01   2.3312032e+01  -1.2961263e+01   3.1203048e+02   2.4382945e+01  -1.7269481e+02
  -1.8599400e+01   2.3317614e+01  -1.2982271e+01   3.1203117e+02   2.4378845e+01  -1.7268030e+02
  -1.8616689e+01   2.3319799e+01  -1.3008332e+01   3.1203471e+02   2.4380871e+01  -1.7266786e+02
  -1.8639369e+01   2.3318167e+01  -1.3040007e+01   3.1204215e+02   2.4389079e+01  -1.7265873e+02
  -1.8667688e+01   2.3312481e+01  -1.3077777e+01   3.1205447e+02   2.4403290e+01  -1.7265428e+02
  -1.8701905e+01   2.3302716e+01  -1.3122086e+01   3.1207249e+02   2.4423121e+01  -1.7265589e+02
  -1.8742393e+01   2.3289100e+01  -1.3173353e+01   3.1209681e+02   2.4448052e+01  -1.7266496e+02
  -1.8789717e+01   2.3272125e+01  -1.3231994e+01   3.1212781e+02   2.4477512e+01  -1.7268280e+02
  -1.8844693e+01   2.3252569e+01  -1.3298430e+01   3.1216560e+02   2.4510982e+01  -1.7271070e+02
  -1.8908412e+01   2.3231501e+01  -1.3373076e+01   3.1221012e+02   2.4548080e+01  -1.7274998e+02
  -1.8982209e+01   2.3210275e+01  -1.3456332e+01   3.1226116e+02   2.4588622e+01  -1.7280203e+02
  -1.9067563e+01   2.3190506e+01  -1.3548577e+01   3.1231841e+02   2.4632631e+01  -1.7286841e+02
  -1.9166010e+01   2.3174033e+01  -1.3650148e+01   3.1238148e+02   2.4680323e+01  -1.7295087e+02
  -1.9278969e+01   2.3162826e+01  -1.3761357e+01   3.1244994e+02   2.4732066e+01  -1.7305136e+02
  -1.9407596e+01   2.3158883e+01  -1.3882488e+01   3.1252331e+02   2.4788331e+01  -1.7317201e+02
  -1.9552665e+01   2.3164095e+01  -1.4013817e+01   3.1260099e+02   2.4849646e+01  -1.7331498e+02
  -1.9714474e+01   2.3180088e+01  -1.4155624e+01   3.1268222e+02   2.4916584e+01  -1.7348233e+02
  -1.9892856e+01   2.3208101e+01  -1.4308190e+01   3.1276603e+02   2.4989757e+01  -1.7367585e+02
  -2.0087241e+01   2.3248875e+01  -1.4471779e+01   3.1285120e+02   2.5069843e+01  -1.7389684e+02
  -2.0296820e+01   2.3302624e+01  -1.4646575e+01   3.1293626e+02   2.5157608e+01  -1.7414596e+02
  -2.0520758e+01   2.3369043e+01  -1.4832590e+01   3.1301952e+02   2.5253925e+01  -1.7442303e+02
  -2.0758404e+01   2.3447376e+01  -1.5029554e+01   3.1309918e+02   2.5359782e+01  -1.7472699e+02
  -2.1009543e+01   2.3536526e+01  -1.5236775e+01   3.1317348e+02   2.5476261e+01  -1.7505582e+02
  -2.1274517e+01   2.3635166e+01  -1.5453011e+01   3.1324089e+02   2.5604508e+01  -1.7540651e+02
  -2.1554319e+01   2.3741860e+01  -1.5676357e+01   3.1330027e+02   2.5745684e+01  -1.7577519e+02
  -2.1850581e+01   2.3855162e+01  -1.5904183e+01   3.1335110e+02   2.5900908e+01  -1.7615716e+02
  -2.2165508e+01   2.3973700e+01  -1.6133108e+01   3.1339358e+02   2.6071198e+01  -1.7654701e+02
  -2.2501736e+01   2.4096229e+01  -1.6359061e+01   3.1342873e+02   2.6257420e+01  -1.7693878e+02
  -2.2862179e+01   2.4221657e+01  -1.6577389e+01   3.1345841e+02   2.6460253e+01  -1.7732610e+02
  -2.3249869e+01   2.4349058e+01  -1.6783038e+01   3.1348519e+02   2.6680176e+01  -1.7770230e+02
  -2.3667815e+01   2.4477667e+01  -1.6970758e+01   3.1351228e+02   2.6917489e+01  -1.7806061e+02
  -2.4118892e+01   2.4606867e+01  -1.7135341e+01   3.1354326e+02   2.7172366e+01  -1.7839429e+02
  -2.4605771e+01   2.4736172e+01  -1.7271855e+01   3.1358187e+02   2.7444950e+01  -1.7869678e+02
  -2.5130888e+01   2.4865226e+01  -1.7375849e+01   3.1363176e+02   2.7735468e+01  -1.7896194e+02
  -2.5696422e+01   2.4993780e+01  -1.7443547e+01   3.1369626e+02   2.8044380e+01  -1.7918424e+02
  -2.6304312e+01   2.5121710e+01  -1.7471975e+01   3.1377823e+02   2.8372520e+01  -1.7935892e+02
  -2.6956234e+01   2.5249004e+01  -1.7459061e+01   3.1387995e+02   2.8721233e+01  -1.7948229e+02
  -2.7653582e+01   2.5375764e+01  -1.7403674e+01   3.1400315e+02   2.9092474e+01  -1.7955183e+02
  -2.8397456e+01   2.5502200e+01  -1.7305635e+01   3.1414901e+02   2.9488842e+01  -1.7956640e+02
  -2.9188612e+01   2.5628609e+01  -1.7165682e+01   3.1431841e+02   2.9913559e+01  -1.7952628e+02
  -3.0027447e+01   2.5755358e+01  -1.6985410e+01   3.1451206e+02   3.0370362e+01  -1.7943320e+02
  -3.0914019e+01   2.5882871e+01  -1.6767180e+01   3.1473081e+02   3.0863317e+01  -1.7929032e+02
  -3.1848101e+01   2.6011612e+01  -1.6514020e+01   3.1497589e+02   3.1396567e+01  -1.7910204e+02
  -3.2829319e+01   2.6142076e+01  -1.6229493e+01   3.1524916e+02   3.1974031e+01  -1.7887384e+02
  -3.3857364e+01   2.6274796e+01  -1.5917569e+01   3.1555331e+02   3.2599075e+01  -1.7861201e+02
  -3.4932250e+01   2.6410322e+01  -1.5582493e+01   3.1589202e+02   3.3274205e+01  -1.7832335e+02
  -3.6054652e+01   2.6549196e+01  -1.5228651e+01   3.1627000e+02   3.4000806e+01  -1.7801492e+02
  -3.7226249e+01   2.6691915e+01  -1.4860444e+01   3.1669299e+02   3.4778971e+01  -1.7769369e+02
  -3.8449997e+01   2.6838864e+01  -1.4482163e+01   3.1716770e+02   3.5607459e+01  -1.7736630e+02
  -3.9730352e+01   2.6990247e+01  -1.4097868e+01   3.1770166e+02   3.6483799e+01  -1.7703889e+02
  -4.1073397e+01   2.7146039e+01  -1.3711256e+01   3.1830304e+02   3.7404549e+01  -1.7671693e+02
  -4.2486816e+01   2.7305968e+01  -1.3325535e+01   3.1898049e+02   3.8365715e+01  -1.7640514e+02
  -4.3979803e+01   2.7469559e+01  -1.2943290e+01   3.1974283e+02   3.9363319e+01  -1.7610749e+02
  -4.5562819e+01   2.7636259e+01  -1.2566371e+01   3.2059885e+02   4.0394074e+01  -1.7582727e+02
  -4.7247334e+01   2.7805666e+01  -1.2195774e+01   3.2155704e+02   4.1456151e+01  -1.7556713e+02
  -4.9045429e+01   2.7977843e+01  -1.1831556e+01   3.2262538e+02   4.2549974e+01  -1.7532921e+02
  -5.0969368e+01   2.8153727e+01  -1.1472764e+01   3.2381115e+02   4.3679002e+01  -1.7511521e+02
  -5.3031049e+01   2.8335575e+01  -1.1117381e+01   3.2512090e+02   4.4850455e+01  -1.7492652e+02
  -5.5241383e+01   2.8527473e+01  -1.0762282e+01   3.2656053e+02   4.6075890e+01  -1.7476424e+02
  -5.7609520e+01   2.8735673e+01  -1.0403236e+01   3.2813567e+02   4.7371624e+01  -1.7462929e+02
  -6.0141924e+01   2.8968793e+01  -1.0034951e+01   3.2985228e+02   4.8758880e+01  -1.7452234e+02
  -6.2841289e+01   2.9237663e+01  -9.6512637e+00   3.3171767e+02   5.0263631e+01  -1.7444376e+02
  -6.5705346e+01   2.9554786e+01  -9.2454853e+00   3.3374194e+02   5.1915982e+01  -1.7439348e+02
  -6.8725539e+01   2.9933351e+01  -8.8110534e+00   3.3593979e+02   5.3748989e+01  -1.7437074e+02
  -7.1885735e+01   3.0385883e+01  -8.3424531e+00   3.3833267e+02   5.5796776e+01  -1.7437374e+02
  -7.5161143e+01   3.0922682e+01  -7.8364359e+00   3.4095084e+02   5.8091837e+01  -1.7439926e+02
  -7.8517659e+01   3.1550194e+01  -7.2934237e+00   3.4383517e+02   6.0661542e+01  -1.7444219e+02
  -8.1911958e+01   3.2269502e+01  -6.7188526e+00   3.4703789e+02   6.3524093e+01  -1.7449503e+02
  -8.5292684e+01   3.3074981e+01  -6.1242139e+00   3.5062192e+02   6.6684447e+01  -1.7454752e+02
  -8.8602915e+01   3.3953307e+01  -5.5273501e+00   3.5465844e+02   7.0131033e+01  -1.7458636e+02
  -9.1783541e+01   3.4883086e+01  -4.9516666e+00   3.5922296e+02   7.3834186e+01  -1.7459537e+02
  -9.4776945e+01   3.5835671e+01  -4.4241438e+00   3.6439051e+02   7.7746886e+01  -1.7455618e+02
  -9.7529967e+01   3.6777535e+01  -3.9724956e+00   3.7023118e+02   8.1807681e+01  -1.7444964e+02
  -9.9995599e+01   3.7674025e+01  -3.6222148e+00   3.7680652e+02   8.5944969e+01  -1.7425760e+02
  -1.0213388e+02   3.8493248e+01  -3.3943585e+00   3.8416700e+02   9.0081676e+01  -1.7396474e+02
  -1.0391257e+02   3.9208810e+01  -3.3042987e+00   3.9235016e+02   9.4139740e+01  -1.7356009e+02
  -1.0530821e+02   3.9800857e+01  -3.3612545e+00   4.0137919e+02   9.8044310e+01  -1.7303794e+02
  -1.0630726e+02   4.0255894e+01  -3.5681380e+00   4.1126192e+02   1.0172755e+02  -1.7239833e+02
  -1.0690688e+02   4.0566214e+01  -3.9214820e+00   4.2199044e+02   1.0513181e+02  -1.7164734e+02
  -1.0711503e+02   4.0729466e+01  -4.4114916e+00   4.3354149e+02   1.0821178e+02  -1.7079692e+02
  -1.0694987e+02   4.0748466e+01  -5.0223309e+00   4.4587760e+02   1.1093548e+02  -1.6986454e+02
  -1.0643843e+02   4.0631053e+01  -5.7328512e+00   4.5894893e+02   1.1328385e+02  -1.6887231e+02
  -1.0561466e+02   4.0389735e+01  -6.5178420e+00   4.7269600e+02   1.1524941e+02  -1.6784569e+02
  -1.0451713e+02   4.0040953e+01  -7.3497628e+00   4.8705281e+02   1.1683412e+02  -1.6681178e+02
  -1.0318639e+02   3.9603877e+01  -8.2007909e+00   5.0195062e+02   1.1804695e+02  -1.6579748e+02
  -1.0166237e+02   3.9098891e+01  -9.0448761e+00   5.1732169e+02   1.1890155e+02  -1.6482767e+02
  -9.9982132e+01   3.8545970e+01  -9.8594966e+00   5.3310269e+02   1.1941438e+02  -1.6392373e+02
  -9.8178177e+01   3.7963231e+01  -1.0626887e+01   5.4923750e+02   1.1960323e+02  -1.6310249e+02
  -9.6277512e+01   3.7365918e+01  -1.1334577e+01   5.6567886e+02   1.1948624e+02  -1.6237578e+02
  -9.4301527e+01   3.6765945e+01  -1.1975331e+01   5.8238900e+02   1.1908133e+02  -1.6175045e+02
  -9.2266558e+01   3.6171945e+01  -1.2546614e+01   5.9933919e+02   1.1840579e+02  -1.6122871e+02
  -9.0184940e+01   3.5589804e+01  -1.3049702e+01   6.1650865e+02   1.1747601e+02  -1.6080886e+02
  -8.8066249e+01   3.5023375e+01  -1.3488768e+01   6.3388284e+02   1.1630727e+02  -1.6048601e+02
  -8.5918522e+01   3.4475252e+01  -1.3869933e+01   6.5145180e+02   1.1491366e+02  -1.6025293e+02
  -8.3749293e+01   3.3947437e+01  -1.4200464e+01   6.6920850e+02   1.1330798e+02  -1.6010077e+02
  -8.1566208e+01   3.3441765e+01  -1.4488142e+01   6.8714755e+02   1.1150178e+02  -1.6001981e+02
  -7.9377298e+01   3.2960080e+01  -1.4740768e+01   7.0526432e+02   1.0950547e+02  -1.6000007e+02
  -7.7190846e+01   3.2504192e+01  -1.4965846e+01   7.2355446e+02   1.0732858e+02  -1.6003173e+02
  -7.5014920e+01   3.2075668e+01  -1.5170312e+01   7.4201386e+02   1.0498007e+02  -1.6010559e+02
  -7.2856772e+01   3.1675579e+01  -1.5360370e+01   7.6063875e+02   1.0246870e+02  -1.6021329e+02
  -7.0722136e+01   3.1304229e+01  -1.5541326e+01   7.7942606e+02   9.9803553e+01  -1.6034752e+02
  -6.8614693e+01   3.0961070e+01  -1.5717455e+01   7.9837369e+02   9.6994437e+01  -1.6050211e+02
  -6.6535690e+01   3.0644686e+01  -1.5891897e+01   8.1748079e+02   9.4052385e+01  -1.6067204e+02
  -6.4483921e+01   3.0352983e+01  -1.6066594e+01   8.3674773e+02   9.0990026e+01  -1.6085339e+02
  -6.2455950e+01   3.0083510e+01  -1.6242270e+01   8.5617595e+02   8.7821876e+01  -1.6104324e+02
  -6.0446622e+01   2.9833768e+01  -1.6418550e+01   8.7576763e+02   8.4564610e+01  -1.6123948e+02
  -5.8449684e+01   2.9601627e+01  -1.6594132e+01   8.9552519e+02   8.1237142e+01  -1.6144064e+02
  -5.6458477e+01   2.9385591e+01  -1.6767038e+01   9.1545072e+02   7.7860740e+01  -1.6164565e+02
  -5.4466645e+01   2.9185027e+01  -1.6934946e+01   9.3554535e+02   7.4458979e+01  -1.6185365e+02
  -5.2468640e+01   2.9000200e+01  -1.7095538e+01   9.5580872e+02   7.1057671e+01  -1.6206391e+02
  -5.0460139e+01   2.8832138e+01  -1.7246826e+01   9.7623845e+02   6.7684716e+01  -1.6227565e+02
  -4.8438271e+01   2.8682387e+01  -1.7387416e+01   9.9682971e+02   6.4369840e+01  -1.6248816e+02
  -4.6401622e+01   2.8552645e+01  -1.7516669e+01   1.0175749e+03   6.1144277e+01  -1.6270087e+02
  -4.4350213e+01   2.8444237e+01  -1.7634716e+01   1.0384637e+03   5.8040423e+01  -1.6291361e+02
  -4.2285241e+01   2.8357764e+01  -1.7742325e+01   1.0594824e+03   5.5091332e+01  -1.6312684e+02
  -4.0208767e+01   2.8292614e+01  -1.7840632e+01   1.0806147e+03   5.2330257e+01  -1.6334205e+02
  -3.8123527e+01   2.8246769e+01  -1.7930675e+01   1.1018408e+03   4.9790091e+01  -1.6356206e+02
  -3.6032548e+01   2.8216715e+01  -1.8012941e+01   1.1231384e+03   4.7502740e+01  -1.6379124e+02
  -3.3939016e+01   2.8197623e+01  -1.8086801e+01   1.1444819e+03   4.5498475e+01  -1.6403572e+02
  -3.1846036e+01   2.8183495e+01  -1.8150082e+01   1.1658433e+03   4.3805316e+01  -1.6430327e+02
  -2.9756671e+01   2.8167760e+01  -1.8198710e+01   1.1871916e+03   4.2448289e+01  -1.6460308e+02
  -2.7673940e+01   2.8143728e+01  -1.8226603e+01   1.2084934e+03   4.1448773e+01  -1.6494537e+02
  -2.5600987e+01   2.8105155e+01  -1.8225819e+01   1.2297127e+03   4.0823833e+01  -1.6534066e+02
  -2.3541255e+01   2.8046777e+01  -1.8186906e+01   1.2508109e+03   4.0585595e+01  -1.6579905e+02
  -2.1498709e+01   2.7964734e+01  -1.8099614e+01   1.2717472e+03   4.0740620e+01  -1.6632938e+02
  -1.9478109e+01   2.7856868e+01  -1.7953751e+01   1.2924782e+03   4.1289352e+01  -1.6693837e+02
  -1.7485139e+01   2.7722844e+01  -1.7740249e+01   1.3129584e+03   4.2225594e+01  -1.6762990e+02
  -1.5526522e+01   2.7564122e+01  -1.7452198e+01   1.3331401e+03   4.3536051e+01  -1.6840444e+02
  -1.3609987e+01   2.7383704e+01  -1.7085886e+01   1.3529735e+03   4.5199940e+01  -1.6925875e+02
  -1.1744235e+01   2.7185884e+01  -1.6641581e+01   1.3724075e+03   4.7188678e+01  -1.7018581e+02
  -9.9386609e+00   2.6975779e+01  -1.6124076e+01   1.3913899e+03   4.9465717e+01  -1.7117507e+02
  -8.2032847e+00   2.6758987e+01  -1.5542767e+01   1.4098683e+03   5.1986570e+01  -1.7221306e+02
  -6.5483970e+00   2.6541227e+01  -1.4911403e+01   1.4277913e+03   5.4698969e+01  -1.7328409e+02
  -4.9843627e+00   2.6328036e+01  -1.4247349e+01   1.4451091e+03   5.7543408e+01  -1.7437135e+02
  -3.5213774e+00   2.6124574e+01  -1.3570489e+01   1.4617758e+03   6.0453988e+01  -1.7545801e+02
  -2.1691829e+00   2.5935451e+01  -1.2901969e+01   1.4777498e+03   6.3359612e+01  -1.7652836e+02
  -9.3682298e-01   2.5764572e+01  -1.2262701e+01   1.4929960e+03   6.6185706e+01  -1.7756891e+02
   1.6754367e-01   2.5615028e+01  -1.1671992e+01   1.5074864e+03   6.8856272e+01  -1.7856931e+02
   1.1369098e+00   2.5489078e+01  -1.1146327e+01   1.5212016e+03   7.1296298e+01  -1.7952303e+02
   1.9655749e+00   2.5388009e+01  -1.0698451e+01   1.5341311e+03   7.3434574e+01  -1.8042765e+02
   2.6492781e+00   2.5312284e+01  -1.0336766e+01   1.5462739e+03   7.5206551e+01  -1.8128486e+02
   3.1854322e+00   2.5261570e+01  -1.0065169e+01   1.5576384e+03   7.6557358e+01  -1.8210002e+02
   3.5732581e+00   2.5234968e+01  -9.8831520e+00   1.5682412e+03   7.7444673e+01  -1.8288138e+02
   3.8140233e+00   2.5231145e+01  -9.7862461e+00   1.5781068e+03   7.7841361e+01  -1.8363907e+02
   3.9113778e+00   2.5248624e+01  -9.7666480e+00   1.5872654e+03   7.7737601e+01  -1.8438380e+02
   3.8717069e+00   2.5285808e+01  -9.8140047e+00   1.5957511e+03   7.7142427e+01  -1.8512556e+02
   3.7044965e+00   2.5341096e+01  -9.9162155e+00   1.6035992e+03   7.6084370e+01  -1.8587228e+02
   3.4225847e+00   2.5412808e+01  -1.0060295e+01   1.6108440e+03   7.4611077e+01  -1.8662868e+02
   3.0423213e+00   2.5499012e+01  -1.0233139e+01   1.6175161e+03   7.2787859e+01  -1.8739540e+02
   2.5833878e+00   2.5597354e+01  -1.0422253e+01   1.6236397e+03   7.0694952e+01  -1.8816852e+02
   2.0682720e+00   2.5704859e+01  -1.0616325e+01   1.6292318e+03   6.8423663e+01  -1.8893957e+02
   1.5213946e+00   2.5817903e+01  -1.0805683e+01   1.6343011e+03   6.6071429e+01  -1.8969607e+02
   9.6793000e-01   2.5932253e+01  -1.0982600e+01   1.6388486e+03   6.3736131e+01  -1.9042258e+02
   4.3215502e-01   2.6043388e+01  -1.1141427e+01   1.6428697e+03   6.1509875e+01  -1.9110224e+02
