   1.1541603e+01   5.2641159e+01  -1.8349665e+01   2.6811471e+02   6.4495970e+01  -1.6363871e+02
   1.0202040e+01   5.2751527e+01  -1.8034698e+01   2.7084679e+02   6.0994421e+01  -1.6438956e+02
   8.8297738e+00   5.2872780e+01  -1.7719899e+01   2.7352892e+02   5.7540379e+01  -1.6512703e+02
   7.4163313e+00   5.3006562e+01  -1.7402070e+01   2.7613264e+02   5.4173850e+01  -1.6583235e+02
   5.9553797e+00   5.3154716e+01  -1.7079934e+01   2.7863074e+02   5.0927948e+01  -1.6648621e+02
   4.4445492e+00   5.3319020e+01  -1.6754761e+01   2.8099747e+02   4.7828314e+01  -1.6706960e+02
   2.8865890e+00   5.3500962e+01  -1.6430614e+01   2.8320912e+02   4.4893056e+01  -1.6756483e+02
   1.2898742e+00   5.3701492e+01  -1.6114197e+01   2.8524503e+02   4.2133231e+01  -1.6795668e+02
  -3.3168957e-01   5.3920803e+01  -1.5814340e+01   2.8708880e+02   3.9553792e+01  -1.6823348e+02
  -1.9592316e+00   5.4158087e+01  -1.5541192e+01   2.8872946e+02   3.7154913e+01  -1.6838826e+02
  -3.5698857e+00   5.4411307e+01  -1.5305206e+01   2.9016241e+02   3.4933518e+01  -1.6841951e+02
  -5.1380016e+00   5.4676956e+01  -1.5116087e+01   2.9138981e+02   3.2884828e+01  -1.6833170e+02
  -6.6365730e+00   5.4949888e+01  -1.4981786e+01   2.9242038e+02   3.1003740e+01  -1.6813533e+02
  -8.0388309e+00   5.5223299e+01  -1.4907686e+01   2.9326868e+02   2.9285845e+01  -1.6784640e+02
  -9.3198745e+00   5.5488935e+01  -1.4896057e+01   2.9395384e+02   2.7727982e+01  -1.6748543e+02
  -1.0458328e+01   5.5737579e+01  -1.4945800e+01   2.9449801e+02   2.6328269e+01  -1.6707591e+02
  -1.1437836e+01   5.5959826e+01  -1.5052501e+01   2.9492469e+02   2.5085649e+01  -1.6664264e+02
  -1.2248276e+01   5.6147017e+01  -1.5208788e+01   2.9525712e+02   2.3999091e+01  -1.6620976e+02
  -1.2886522e+01   5.6292222e+01  -1.5404920e+01   2.9551691e+02   2.3066610e+01  -1.6579907e+02
  -1.3356650e+01   5.6391041e+01  -1.5629594e+01   2.9572304e+02   2.2284345e+01  -1.6542860e+02
  -1.3669511e+01   5.6442108e+01  -1.5870851e+01   2.9589122e+02   2.1645863e+01  -1.6511172e+02
  -1.3841749e+01   5.6447178e+01  -1.6117015e+01   2.9603370e+02   2.1141822e+01  -1.6485667e+02
  -1.3894354e+01   5.6410834e+01  -1.6357540e+01   2.9615938e+02   2.0760020e+01  -1.6466668e+02
  -1.3850968e+01   5.6339875e+01  -1.6583704e+01   2.9627418e+02   2.0485818e+01  -1.6454044e+02
  -1.3736134e+01   5.6242528e+01  -1.6789039e+01   2.9638157e+02   2.0302827e+01  -1.6447287e+02
  -1.3573654e+01   5.6127606e+01  -1.6969530e+01   2.9648308e+02   2.0193772e+01  -1.6445600e+02
  -1.3385221e+01   5.6003722e+01  -1.7123531e+01   2.9657892e+02   2.0141414e+01  -1.6448001e+02
  -1.3189400e+01   5.5878653e+01  -1.7251483e+01   2.9666845e+02   2.0129428e+01  -1.6453419e+02
  -1.3000987e+01   5.5758871e+01  -1.7355471e+01   2.9675059e+02   2.0143167e+01  -1.6460785e+02
  -1.2830790e+01   5.5649299e+01  -1.7438704e+01   2.9682422e+02   2.0170212e+01  -1.6469106e+02
  -1.2685718e+01   5.5553238e+01  -1.7504994e+01   2.9688835e+02   2.0200719e+01  -1.6477528e+02
  -1.2569174e+01   5.5472464e+01  -1.7558271e+01   2.9694233e+02   2.0227513e+01  -1.6485372e+02
  -1.2481605e+01   5.5407440e+01  -1.7602210e+01   2.9698593e+02   2.0245963e+01  -1.6492153e+02
  -1.2421173e+01   5.5357599e+01  -1.7639955e+01   2.9701939e+02   2.0253683e+01  -1.6497582e+02
  -1.2384443e+01   5.5321656e+01  -1.7673955e+01   2.9704335e+02   2.0250104e+01  -1.6501546e+02
  -1.2367050e+01   5.5297913e+01  -1.7705912e+01   2.9705884e+02   2.0235981e+01  -1.6504082e+02
  -1.2364274e+01   5.5284517e+01  -1.7736825e+01   2.9706715e+02   2.0212909e+01  -1.6505337e+02
  -1.2371516e+01   5.5279659e+01  -1.7767086e+01   2.9706972e+02   2.0182880e+01  -1.6505533e+02
  -1.2384665e+01   5.5281710e+01  -1.7796634e+01   2.9706805e+02   2.0147936e+01  -1.6504922e+02
  -1.2400328e+01   5.5289277e+01  -1.7825128e+01   2.9706352e+02   2.0109932e+01  -1.6503757e+02
  -1.2415974e+01   5.5301223e+01  -1.7852116e+01   2.9705730e+02   2.0070405e+01  -1.6502263e+02
  -1.2429956e+01   5.5316618e+01  -1.7877179e+01   2.9705032e+02   2.0030547e+01  -1.6500620e+02
  -1.2441461e+01   5.5334703e+01  -1.7900064e+01   2.9704317e+02   1.9991251e+01  -1.6498952e+02
  -1.2450385e+01   5.5354806e+01  -1.7920744e+01   2.9703612e+02   1.9953205e+01  -1.6497334e+02
  -1.2457159e+01   5.5376283e+01  -1.7939464e+01   2.9702923e+02   1.9917013e+01  -1.6495792e+02
  -1.2462576e+01   5.5398463e+01  -1.7956720e+01   2.9702235e+02   1.9883301e+01  -1.6494324e+02
  -1.2467586e+01   5.5420609e+01  -1.7973223e+01   2.9701531e+02   1.9852798e+01  -1.6492910e+02
  -1.2473154e+01   5.5441903e+01  -1.7989832e+01   2.9700800e+02   1.9826368e+01  -1.6491531e+02
  -1.2480133e+01   5.5461461e+01  -1.8007485e+01   2.9700045e+02   1.9805001e+01  -1.6490183e+02
  -1.2489198e+01   5.5478371e+01  -1.8027130e+01   2.9699293e+02   1.9789742e+01  -1.6488885e+02
  -1.2500825e+01   5.5491742e+01  -1.8049680e+01   2.9698593e+02   1.9781602e+01  -1.6487687e+02
  -1.2515331e+01   5.5500774e+01  -1.8075965e+01   2.9698016e+02   1.9781444e+01  -1.6486671e+02
  -1.2532935e+01   5.5504824e+01  -1.8106729e+01   2.9697645e+02   1.9789884e+01  -1.6485943e+02
  -1.2553850e+01   5.5503450e+01  -1.8142617e+01   2.9697573e+02   1.9807221e+01  -1.6485633e+02
  -1.2578406e+01   5.5496459e+01  -1.8184175e+01   2.9697883e+02   1.9833411e+01  -1.6485880e+02
  -1.2607140e+01   5.5483910e+01  -1.8231863e+01   2.9698650e+02   1.9868109e+01  -1.6486830e+02
  -1.2640903e+01   5.5466116e+01  -1.8286039e+01   2.9699926e+02   1.9910739e+01  -1.6488629e+02
  -1.2680895e+01   5.5443636e+01  -1.8346972e+01   2.9701746e+02   1.9960611e+01  -1.6491425e+02
  -1.2728674e+01   5.5417256e+01  -1.8414835e+01   2.9704122e+02   2.0017048e+01  -1.6495367e+02
  -1.2786110e+01   5.5387976e+01  -1.8489712e+01   2.9707050e+02   2.0079487e+01  -1.6500611e+02
  -1.2855271e+01   5.5357001e+01  -1.8571623e+01   2.9710515e+02   2.0147563e+01  -1.6507331e+02
  -1.2938248e+01   5.5325729e+01  -1.8660566e+01   2.9714492e+02   2.0221139e+01  -1.6515720e+02
  -1.3036994e+01   5.5295743e+01  -1.8756569e+01   2.9718947e+02   2.0300298e+01  -1.6525995e+02
  -1.3153095e+01   5.5268751e+01  -1.8859761e+01   2.9723841e+02   2.0385317e+01  -1.6538396e+02
  -1.3287579e+01   5.5246532e+01  -1.8970440e+01   2.9729121e+02   2.0476628e+01  -1.6553179e+02
  -1.3440801e+01   5.5230833e+01  -1.9089119e+01   2.9734717e+02   2.0574777e+01  -1.6570600e+02
  -1.3612363e+01   5.5223238e+01  -1.9216548e+01   2.9740538e+02   2.0680421e+01  -1.6590901e+02
  -1.3801201e+01   5.5225059e+01  -1.9353681e+01   2.9746463e+02   2.0794321e+01  -1.6614285e+02
  -1.4005750e+01   5.5237223e+01  -1.9501595e+01   2.9752344e+02   2.0917368e+01  -1.6640900e+02
  -1.4224220e+01   5.5260223e+01  -1.9661337e+01   2.9758003e+02   2.1050593e+01  -1.6670815e+02
  -1.4454952e+01   5.5294108e+01  -1.9833739e+01   2.9763246e+02   2.1195180e+01  -1.6704005e+02
  -1.4696723e+01   5.5338519e+01  -2.0019212e+01   2.9767875e+02   2.1352452e+01  -1.6740338e+02
  -1.4949100e+01   5.5392779e+01  -2.0217512e+01   2.9771708e+02   2.1523846e+01  -1.6779574e+02
  -1.5212583e+01   5.5455980e+01  -2.0427576e+01   2.9774599e+02   2.1710869e+01  -1.6821359e+02
  -1.5488703e+01   5.5527103e+01  -2.0647387e+01   2.9776458e+02   2.1915037e+01  -1.6865234e+02
  -1.5779942e+01   5.5605108e+01  -2.0873920e+01   2.9777273e+02   2.2137816e+01  -1.6910640e+02
  -1.6089594e+01   5.5689024e+01  -2.1103173e+01   2.9777120e+02   2.2380564e+01  -1.6956937e+02
  -1.6421503e+01   5.5778008e+01  -2.1330289e+01   2.9776167e+02   2.2644476e+01  -1.7003414e+02
  -1.6779802e+01   5.5871369e+01  -2.1549752e+01   2.9774674e+02   2.2930563e+01  -1.7049307e+02
  -1.7168646e+01   5.5968579e+01  -2.1755637e+01   2.9772978e+02   2.3239639e+01  -1.7093821e+02
  -1.7591976e+01   5.6069253e+01  -2.1941896e+01   2.9771475e+02   2.3572353e+01  -1.7136145e+02
  -1.8053344e+01   5.6173120e+01  -2.2102640e+01   2.9770598e+02   2.3929250e+01  -1.7175478e+02
  -1.8555811e+01   5.6279978e+01  -2.2232410e+01   2.9770787e+02   2.4310868e+01  -1.7211047e+02
  -1.9101905e+01   5.6389668e+01  -2.2326383e+01   2.9772463e+02   2.4717848e+01  -1.7242134e+02
  -1.9693625e+01   5.6502030e+01  -2.2380566e+01   2.9776010e+02   2.5151084e+01  -1.7268100e+02
  -2.0332496e+01   5.6616913e+01  -2.2391895e+01   2.9781753e+02   2.5611839e+01  -1.7288409e+02
  -2.1019599e+01   5.6734152e+01  -2.2358309e+01   2.9789954e+02   2.6101873e+01  -1.7302654e+02
  -2.1755605e+01   5.6853587e+01  -2.2278780e+01   2.9800807e+02   2.6623512e+01  -1.7310571e+02
  -2.2540819e+01   5.6975077e+01  -2.2153291e+01   2.9814452e+02   2.7179668e+01  -1.7312058e+02
  -2.3375173e+01   5.7098506e+01  -2.1982802e+01   2.9830987e+02   2.7773799e+01  -1.7307180e+02
  -2.4258257e+01   5.7223803e+01  -2.1769185e+01   2.9850488e+02   2.8409795e+01  -1.7296168e+02
  -2.5189356e+01   5.7350954e+01  -2.1515135e+01   2.9873039e+02   2.9091801e+01  -1.7279411e+02
  -2.6167528e+01   5.7480015e+01  -2.1224063e+01   2.9898759e+02   2.9823987e+01  -1.7257440e+02
  -2.7191734e+01   5.7611111e+01  -2.0899971e+01   2.9927821e+02   3.0610287e+01  -1.7230903e+02
  -2.8261034e+01   5.7744437e+01  -2.0547309e+01   2.9960479e+02   3.1454139e+01  -1.7200538e+02
  -2.9374801e+01   5.7880212e+01  -2.0170824e+01   2.9997085e+02   3.2358256e+01  -1.7167139e+02
  -3.0532993e+01   5.8018616e+01  -1.9775406e+01   3.0038094e+02   3.3324466e+01  -1.7131525e+02
  -3.1736434e+01   5.8159701e+01  -1.9365938e+01   3.0084074e+02   3.4353644e+01  -1.7094510e+02
  -3.2986993e+01   5.8303295e+01  -1.8947156e+01   3.0135699e+02   3.5445757e+01  -1.7056869e+02
  -3.4287746e+01   5.8448897e+01  -1.8523530e+01   3.0193748e+02   3.6600038e+01  -1.7019322e+02
  -3.5643041e+01   5.8595626e+01  -1.8099136e+01   3.0259093e+02   3.7815271e+01  -1.6982511e+02
  -3.7058462e+01   5.8742236e+01  -1.7677576e+01   3.0332683e+02   3.9090190e+01  -1.6946990e+02
  -3.8540768e+01   5.8887202e+01  -1.7261876e+01   3.0415536e+02   4.0423963e+01  -1.6913226e+02
  -4.0097749e+01   5.9028933e+01  -1.6854431e+01   3.0508711e+02   4.1816731e+01  -1.6881594e+02
  -4.1738140e+01   5.9166093e+01  -1.6456920e+01   3.0613295e+02   4.3270161e+01  -1.6852391e+02
  -4.3471461e+01   5.9298023e+01  -1.6070261e+01   3.0730380e+02   4.4787979e+01  -1.6825840e+02
  -4.5307878e+01   5.9425258e+01  -1.5694548e+01   3.0861047e+02   4.6376431e+01  -1.6802109e+02
  -4.7258003e+01   5.9550075e+01  -1.5328979e+01   3.1006352e+02   4.8044636e+01  -1.6781321e+02
  -4.9332630e+01   5.9677079e+01  -1.4971759e+01   3.1167321e+02   4.9804776e+01  -1.6763567e+02
  -5.1542279e+01   5.9813577e+01  -1.4620000e+01   3.1344966e+02   5.1672139e+01  -1.6748919e+02
  -5.3896545e+01   5.9969775e+01  -1.4269627e+01   3.1540308e+02   5.3664951e+01  -1.6737439e+02
  -5.6403132e+01   6.0158555e+01  -1.3915372e+01   3.1754440e+02   5.5804009e+01  -1.6729173e+02
  -5.9066648e+01   6.0394797e+01  -1.3550870e+01   3.1988615e+02   5.8112042e+01  -1.6724150e+02
  -6.1887094e+01   6.0694230e+01  -1.3169059e+01   3.2244376e+02   6.0612716e+01  -1.6722365e+02
  -6.4858174e+01   6.1071875e+01  -1.2762848e+01   3.2523711e+02   6.3329190e+01  -1.6723744e+02
  -6.7965686e+01   6.1540275e+01  -1.2326144e+01   3.2829223e+02   6.6282083e+01  -1.6728115e+02
  -7.1186129e+01   6.2107694e+01  -1.1855231e+01   3.3164286e+02   6.9486872e+01  -1.6735159e+02
  -7.4485866e+01   6.2776450e+01  -1.1350320e+01   3.3533138e+02   7.2950830e+01  -1.6744350e+02
  -7.7821165e+01   6.3541439e+01  -1.0817090e+01   3.3940877e+02   7.6669944e+01  -1.6754891e+02
  -8.1139431e+01   6.4389022e+01  -1.0267742e+01   3.4393326e+02   8.0626409e+01  -1.6765646e+02
  -8.4381434e+01   6.5296588e+01  -9.7211551e+00   3.4896779e+02   8.4787395e+01  -1.6775105e+02
  -8.7484400e+01   6.6233440e+01  -9.2017718e+00   3.5457639e+02   8.9105515e+01  -1.6781398e+02
  -9.0385370e+01   6.7163415e+01  -8.7373078e+00   3.6082037e+02   9.3520941e+01  -1.6782418e+02
  -9.3024324e+01   6.8049079e+01  -8.3558401e+00   3.6775454e+02   9.7964645e+01  -1.6776025e+02
  -9.5347195e+01   6.8856069e+01  -8.0829926e+00   3.7542411e+02   1.0236223e+02  -1.6760288e+02
  -9.7308522e+01   6.9556115e+01  -7.9397166e+00   3.8386231e+02   1.0663796e+02  -1.6733701e+02
  -9.8873854e+01   7.0128147e+01  -7.9407337e+00   3.9308883e+02   1.1071891e+02  -1.6695316e+02
  -1.0002154e+02   7.0558006e+01  -8.0934903e+00   4.0310900e+02   1.1453877e+02  -1.6644818e+02
  -1.0074362e+02   7.0837765e+01  -8.3975613e+00   4.1391376e+02   1.1804116e+02  -1.6582548e+02
  -1.0104579e+02   7.0965214e+01  -8.8445384e+00   4.2548025e+02   1.2118185e+02  -1.6509489e+02
  -1.0094643e+02   7.0943681e+01  -9.4184635e+00   4.3777294e+02   1.2392972e+02  -1.6427219e+02
  -1.0047487e+02   7.0781903e+01  -1.0096935e+01   4.5074550e+02   1.2626656e+02  -1.6337820e+02
  -9.9668920e+01   7.0493699e+01  -1.0852857e+01   4.6434317e+02   1.2818568e+02  -1.6243746e+02
  -9.8571945e+01   7.0097206e+01  -1.1656693e+01   4.7850569e+02   1.2968991e+02  -1.6147652e+02
  -9.7229637e+01   6.9613575e+01  -1.2478963e+01   4.9317061e+02   1.3078921e+02  -1.6052199e+02
  -9.5686879e+01   6.9065279e+01  -1.3292581e+01   5.0827667e+02   1.3149839e+02  -1.5959875e+02
  -9.3985004e+01   6.8474280e+01  -1.4074716e+01   5.2376692e+02   1.3183516e+02  -1.5872837e+02
  -9.2159789e+01   6.7860351e+01  -1.4807940e+01   5.3959113e+02   1.3181866e+02  -1.5792809e+02
  -9.0240429e+01   6.7239882e+01  -1.5480549e+01   5.5570736e+02   1.3146841e+02  -1.5721033e+02
  -8.8249435e+01   6.6625304e+01  -1.6086253e+01   5.7208252e+02   1.3080365e+02  -1.5658266e+02
  -8.6203407e+01   6.6025120e+01  -1.6623382e+01   5.8869193e+02   1.2984291e+02  -1.5604827e+02
  -8.4114332e+01   6.5444478e+01  -1.7093809e+01   6.0551829e+02   1.2860375e+02  -1.5560656e+02
  -8.1991120e+01   6.4885998e+01  -1.7501942e+01   6.2255016e+02   1.2710264e+02  -1.5525398e+02
  -7.9841039e+01   6.4350674e+01  -1.7853760e+01   6.3978035e+02   1.2535483e+02  -1.5498480e+02
  -7.7670918e+01   6.3838685e+01  -1.8156052e+01   6.5720438e+02   1.2337445e+02  -1.5479187e+02
  -7.5487846e+01   6.3349966e+01  -1.8415911e+01   6.7481924e+02   1.2117455e+02  -1.5466726e+02
  -7.3299434e+01   6.2884508e+01  -1.8640365e+01   6.9262252e+02   1.1876731e+02  -1.5460278e+02
  -7.1113667e+01   6.2442450e+01  -1.8836186e+01   7.1061189e+02   1.1616430e+02  -1.5459040e+02
  -6.8938345e+01   6.2023953e+01  -1.9009762e+01   7.2878494e+02   1.1337672e+02  -1.5462251e+02
  -6.6780459e+01   6.1629061e+01  -1.9167014e+01   7.4713927e+02   1.1041569e+02  -1.5469211e+02
  -6.4645414e+01   6.1257470e+01  -1.9313291e+01   7.6567278e+02   1.0729265e+02  -1.5479292e+02
  -6.2536512e+01   6.0908478e+01  -1.9453241e+01   7.8438388e+02   1.0401956e+02  -1.5491939e+02
  -6.0454575e+01   6.0580957e+01  -1.9590680e+01   8.0327180e+02   1.0060922e+02  -1.5506674e+02
  -5.8397993e+01   6.0273495e+01  -1.9728436e+01   8.2233658e+02   9.7075544e+01  -1.5523091e+02
  -5.6363016e+01   5.9984631e+01  -1.9868244e+01   8.4157911e+02   9.3433724e+01  -1.5540853e+02
  -5.4344294e+01   5.9713038e+01  -2.0010731e+01   8.6100086e+02   8.9700506e+01  -1.5559681e+02
  -5.2335594e+01   5.9457864e+01  -2.0155515e+01   8.8060350e+02   8.5894307e+01  -1.5579346e+02
  -5.0330437e+01   5.9218832e+01  -2.0301370e+01   9.0038850e+02   8.2035454e+01  -1.5599662e+02
  -4.8322826e+01   5.8996394e+01  -2.0446520e+01   9.2035660e+02   7.8146300e+01  -1.5620473e+02
  -4.6307694e+01   5.8791700e+01  -2.0588987e+01   9.4050725e+02   7.4251333e+01  -1.5641648e+02
  -4.4281245e+01   5.8606405e+01  -2.0726936e+01   9.6083816e+02   7.0377228e+01  -1.5663081e+02
  -4.2241130e+01   5.8442422e+01  -2.0858975e+01   9.8134489e+02   6.6552755e+01  -1.5684688e+02
  -4.0186429e+01   5.8301610e+01  -2.0984361e+01   1.0020204e+03   6.2808586e+01  -1.5706425e+02
  -3.8117526e+01   5.8185229e+01  -2.1103015e+01   1.0228550e+03   5.9177072e+01  -1.5728291e+02
  -3.6035902e+01   5.8093712e+01  -2.1215436e+01   1.0438360e+03   5.5691745e+01  -1.5750358e+02
  -3.3943760e+01   5.8026217e+01  -2.1322447e+01   1.0649476e+03   5.2386883e+01  -1.5772784e+02
  -3.1843833e+01   5.7980476e+01  -2.1424699e+01   1.0861711e+03   4.9296901e+01  -1.5795837e+02
  -2.9739037e+01   5.7952819e+01  -2.1522261e+01   1.1074847e+03   4.6455621e+01  -1.5819903e+02
  -2.7632358e+01   5.7938387e+01  -2.1614032e+01   1.1288636e+03   4.3895525e+01  -1.5845498e+02
  -2.5526560e+01   5.7931289e+01  -2.1697334e+01   1.1502800e+03   4.1647050e+01  -1.5873254e+02
  -2.3424347e+01   5.7925257e+01  -2.1767547e+01   1.1717036e+03   3.9737702e+01  -1.5903896e+02
  -2.1328367e+01   5.7914075e+01  -2.1818003e+01   1.1931012e+03   3.8191331e+01  -1.5938205e+02
  -1.9241483e+01   5.7892144e+01  -2.1840145e+01   1.2144369e+03   3.7027399e+01  -1.5976962e+02
  -1.7166974e+01   5.7854969e+01  -2.1823867e+01   1.2356725e+03   3.6260311e+01  -1.6020892e+02
  -1.5108860e+01   5.7799554e+01  -2.1758264e+01   1.2567671e+03   3.5898784e+01  -1.6070599e+02
  -1.3072214e+01   5.7724627e+01  -2.1632479e+01   1.2776773e+03   3.5945311e+01  -1.6126503e+02
  -1.1063323e+01   5.7630707e+01  -2.1436826e+01   1.2983571e+03   3.6395650e+01  -1.6188794e+02
  -9.0897603e+00   5.7519958e+01  -2.1163837e+01   1.3187584e+03   3.7238397e+01  -1.6257400e+02
  -7.1602759e+00   5.7395846e+01  -2.0809375e+01   1.3388302e+03   3.8454612e+01  -1.6331968e+02
  -5.2846813e+00   5.7262767e+01  -2.0373409e+01   1.3585199e+03   4.0017506e+01  -1.6411877e+02
  -3.4734051e+00   5.7125495e+01  -1.9860639e+01   1.3777730e+03   4.1892255e+01  -1.6496268e+02
  -1.7372954e+00   5.6988718e+01  -1.9280511e+01   1.3965341e+03   4.4035992e+01  -1.6584093e+02
  -8.7155711e-02   5.6856702e+01  -1.8647031e+01   1.4147479e+03   4.6397897e+01  -1.6674183e+02
   1.4665562e+00   5.6732999e+01  -1.7977974e+01   1.4323604e+03   4.8919671e+01  -1.6765328e+02
   2.9140364e+00   5.6620346e+01  -1.7293768e+01   1.4493200e+03   5.1536325e+01  -1.6856358e+02
   4.2463683e+00   5.6520706e+01  -1.6616241e+01   1.4655798e+03   5.4177312e+01  -1.6946229e+02
   5.4557963e+00   5.6435276e+01  -1.5967079e+01   1.4810984e+03   5.6768247e+01  -1.7034095e+02
   6.5357847e+00   5.6364611e+01  -1.5366420e+01   1.4958420e+03   5.9232992e+01  -1.7119369e+02
   7.4811193e+00   5.6308832e+01  -1.4831627e+01   1.5097857e+03   6.1496096e+01  -1.7201763e+02
   8.2879429e+00   5.6267603e+01  -1.4376298e+01   1.5229142e+03   6.3485726e+01  -1.7281305e+02
   8.9536459e+00   5.6240385e+01  -1.4009616e+01   1.5352225e+03   6.5136583e+01  -1.7358327e+02
   9.4769575e+00   5.6226484e+01  -1.3736142e+01   1.5467159e+03   6.6392992e+01  -1.7433420e+02
   9.8578906e+00   5.6225234e+01  -1.3555843e+01   1.5574100e+03   6.7211795e+01  -1.7507371e+02
   1.0097932e+01   5.6236022e+01  -1.3464484e+01   1.5673288e+03   6.7564993e+01  -1.7581067e+02
   1.0200280e+01   5.6258509e+01  -1.3454239e+01   1.5765039e+03   6.7441766e+01  -1.7655390e+02
   1.0170320e+01   5.6292504e+01  -1.3514462e+01   1.5849719e+03   6.6849949e+01  -1.7731098e+02
   1.0016105e+01   5.6337980e+01  -1.3632527e+01   1.5927718e+03   6.5816536e+01  -1.7808711e+02
   9.7487597e+00   5.6394911e+01  -1.3794729e+01   1.5999426e+03   6.4387176e+01  -1.7888413e+02
   9.3829093e+00   5.6462983e+01  -1.3987125e+01   1.6065202e+03   6.2624646e+01  -1.7969969e+02
   8.9366762e+00   5.6541372e+01  -1.4196338e+01   1.6125348e+03   6.0606068e+01  -1.8052699e+02
   8.4313834e+00   5.6628449e+01  -1.4410200e+01   1.6180093e+03   5.8419119e+01  -1.8135477e+02
   7.8907829e+00   5.6721708e+01  -1.4618278e+01   1.6229583e+03   5.6157211e+01  -1.8216799e+02
   7.3399316e+00   5.6817782e+01  -1.4812246e+01   1.6273882e+03   5.3913996e+01  -1.8294895e+02
   6.8034943e+00   5.6912735e+01  -1.4986032e+01   1.6312991e+03   5.1777438e+01  -1.8367890e+02
