  -9.5815782e-01  -2.5038151e+01  -1.0511263e+01   2.4255640e+02   8.5022000e+01  -2.1071704e+02
  -2.5910868e+00  -2.4996606e+01  -1.0011809e+01   2.4556322e+02   8.2204472e+01  -2.1126974e+02
  -4.2353041e+00  -2.4975994e+01  -9.5317675e+00   2.4854497e+02   7.9433499e+01  -2.1181397e+02
  -5.8868523e+00  -2.4969927e+01  -9.0726260e+00   2.5147142e+02   7.6753580e+01  -2.1232880e+02
  -7.5418247e+00  -2.4970714e+01  -8.6362294e+00   2.5431531e+02   7.4202695e+01  -2.1279293e+02
  -9.1953659e+00  -2.4969880e+01  -8.2251369e+00   2.5705251e+02   7.1810504e+01  -2.1318593e+02
  -1.0841094e+01  -2.4958793e+01  -7.8427982e+00   2.5966230e+02   6.9597247e+01  -2.1348960e+02
  -1.2470931e+01  -2.4929323e+01  -7.4934453e+00   2.6212779e+02   6.7573472e+01  -2.1368932e+02
  -1.4075307e+01  -2.4874552e+01  -7.1817515e+00   2.6443634e+02   6.5740525e+01  -2.1377518e+02
  -1.5643533e+01  -2.4789468e+01  -6.9123047e+00   2.6657987e+02   6.4091754e+01  -2.1374299e+02
  -1.7164254e+01  -2.4671562e+01  -6.6889769e+00   2.6855480e+02   6.2614262e+01  -2.1359485e+02
  -1.8625893e+01  -2.4521274e+01  -6.5143026e+00   2.7036162e+02   6.1291007e+01  -2.1333934e+02
  -2.0017016e+01  -2.4342144e+01  -6.3889518e+00   2.7200408e+02   6.0103032e+01  -2.1299123e+02
  -2.1326677e+01  -2.4140668e+01  -6.3114439e+00   2.7348827e+02   5.9031556e+01  -2.1257061e+02
  -2.2544754e+01  -2.3925810e+01  -6.2781152e+00   2.7482167e+02   5.8059724e+01  -2.1210153e+02
  -2.3662328e+01  -2.3708209e+01  -6.2833882e+00   2.7601232e+02   5.7173804e+01  -2.1161029e+02
  -2.4672105e+01  -2.3499170e+01  -6.3202703e+00   2.7706834e+02   5.6363770e+01  -2.1112342e+02
  -2.5568891e+01  -2.3309581e+01  -6.3810197e+00   2.7799765e+02   5.5623227e+01  -2.1066562e+02
  -2.6350013e+01  -2.3148873e+01  -6.4578357e+00   2.7880805e+02   5.4948830e+01  -2.1025799e+02
  -2.7015678e+01  -2.3024195e+01  -6.5434969e+00   2.7950735e+02   5.4339323e+01  -2.0991663e+02
  -2.7569116e+01  -2.2939890e+01  -6.6318299e+00   2.8010363e+02   5.3794465e+01  -2.0965178e+02
  -2.8016520e+01  -2.2897313e+01  -6.7179959e+00   2.8060540e+02   5.3314007e+01  -2.0946770e+02
  -2.8366742e+01  -2.2894973e+01  -6.7985748e+00   2.8102170e+02   5.2896901e+01  -2.0936302e+02
  -2.8630782e+01  -2.2928942e+01  -6.8715049e+00   2.8136205e+02   5.2540799e+01  -2.0933161e+02
  -2.8821113e+01  -2.2993424e+01  -6.9359023e+00   2.8163626e+02   5.2241894e+01  -2.0936364e+02
  -2.8950958e+01  -2.3081414e+01  -6.9918319e+00   2.8185419e+02   5.1995008e+01  -2.0944687e+02
  -2.9033541e+01  -2.3185370e+01  -7.0400445e+00   2.8202547e+02   5.1793913e+01  -2.0956784e+02
  -2.9081427e+01  -2.3297834e+01  -7.0817242e+00   2.8215919e+02   5.1631754e+01  -2.0971299e+02
  -2.9105966e+01  -2.3411956e+01  -7.1182471e+00   2.8226364e+02   5.1501524e+01  -2.0986964e+02
  -2.9116900e+01  -2.3521886e+01  -7.1509850e+00   2.8234609e+02   5.1396503e+01  -2.1002673e+02
  -2.9122113e+01  -2.3623030e+01  -7.1811507e+00   2.8241268e+02   5.1310624e+01  -2.1017525e+02
  -2.9127545e+01  -2.3712158e+01  -7.2097002e+00   2.8246834e+02   5.1238720e+01  -2.1030857e+02
  -2.9137252e+01  -2.3787388e+01  -7.2372775e+00   2.8251682e+02   5.1176646e+01  -2.1042242e+02
  -2.9153563e+01  -2.3848054e+01  -7.2642048e+00   2.8256077e+02   5.1121288e+01  -2.1051477e+02
  -2.9177335e+01  -2.3894503e+01  -7.2905083e+00   2.8260192e+02   5.1070471e+01  -2.1058546e+02
  -2.9208251e+01  -2.3927857e+01  -7.3159762e+00   2.8264118e+02   5.1022810e+01  -2.1063586e+02
  -2.9245155e+01  -2.3949756e+01  -7.3402369e+00   2.8267888e+02   5.0977505e+01  -2.1066837e+02
  -2.9286367e+01  -2.3962116e+01  -7.3628443e+00   2.8271496e+02   5.0934156e+01  -2.1068602e+02
  -2.9329985e+01  -2.3966930e+01  -7.3833759e+00   2.8274909e+02   5.0892595e+01  -2.1069204e+02
  -2.9374139e+01  -2.3966106e+01  -7.4015142e+00   2.8278086e+02   5.0852754e+01  -2.1068951e+02
  -2.9417196e+01  -2.3961356e+01  -7.4171223e+00   2.8280989e+02   5.0814593e+01  -2.1068118e+02
  -2.9457888e+01  -2.3954125e+01  -7.4302827e+00   2.8283588e+02   5.0778083e+01  -2.1066927e+02
  -2.9495406e+01  -2.3945554e+01  -7.4413181e+00   2.8285871e+02   5.0743215e+01  -2.1065544e+02
  -2.9529408e+01  -2.3936476e+01  -7.4507618e+00   2.8287847e+02   5.0710057e+01  -2.1064083e+02
  -2.9559992e+01  -2.3927434e+01  -7.4593096e+00   2.8289548e+02   5.0678801e+01  -2.1062616e+02
  -2.9587630e+01  -2.3918725e+01  -7.4677516e+00   2.8291030e+02   5.0649815e+01  -2.1061185e+02
  -2.9613075e+01  -2.3910443e+01  -7.4768831e+00   2.8292377e+02   5.0623662e+01  -2.1059816e+02
  -2.9637270e+01  -2.3902549e+01  -7.4874421e+00   2.8293693e+02   5.0601083e+01  -2.1058538e+02
  -2.9661254e+01  -2.3894929e+01  -7.5000502e+00   2.8295108e+02   5.0582943e+01  -2.1057392e+02
  -2.9686095e+01  -2.3887452e+01  -7.5151939e+00   2.8296769e+02   5.0570147e+01  -2.1056443e+02
  -2.9712828e+01  -2.3880024e+01  -7.5332344e+00   2.8298838e+02   5.0563527e+01  -2.1055782e+02
  -2.9742427e+01  -2.3872618e+01  -7.5544502e+00   2.8301481e+02   5.0563733e+01  -2.1055525e+02
  -2.9775786e+01  -2.3865311e+01  -7.5791075e+00   2.8304868e+02   5.0571140e+01  -2.1055816e+02
  -2.9813713e+01  -2.3858293e+01  -7.6075373e+00   2.8309158e+02   5.0585785e+01  -2.1056813e+02
  -2.9856926e+01  -2.3851867e+01  -7.6402159e+00   2.8314496e+02   5.0607375e+01  -2.1058688e+02
  -2.9906057e+01  -2.3846447e+01  -7.6778344e+00   2.8321006e+02   5.0635329e+01  -2.1061615e+02
  -2.9961636e+01  -2.3842504e+01  -7.7213201e+00   2.8328790e+02   5.0668908e+01  -2.1065769e+02
  -3.0024078e+01  -2.3840497e+01  -7.7718276e+00   2.8337924e+02   5.0707366e+01  -2.1071320e+02
  -3.0093669e+01  -2.3840771e+01  -7.8306792e+00   2.8348466e+02   5.0750125e+01  -2.1078436e+02
  -3.0170562e+01  -2.3843440e+01  -7.8992688e+00   2.8360455e+02   5.0796940e+01  -2.1087282e+02
  -3.0254777e+01  -2.3848262e+01  -7.9789358e+00   2.8373924e+02   5.0848017e+01  -2.1098025e+02
  -3.0346235e+01  -2.3854518e+01  -8.0708241e+00   2.8388899e+02   5.0904064e+01  -2.1110833e+02
  -3.0444807e+01  -2.3860943e+01  -8.1757628e+00   2.8405407e+02   5.0966284e+01  -2.1125880e+02
  -3.0550386e+01  -2.3865708e+01  -8.2941653e+00   2.8423477e+02   5.1036288e+01  -2.1143345e+02
  -3.0662957e+01  -2.3866447e+01  -8.4259673e+00   2.8443137e+02   5.1115980e+01  -2.1163404e+02
  -3.0782674e+01  -2.3860392e+01  -8.5706442e+00   2.8464415e+02   5.1207395e+01  -2.1186225e+02
  -3.0909916e+01  -2.3844568e+01  -8.7272645e+00   2.8487326e+02   5.1312551e+01  -2.1211957e+02
  -3.1045323e+01  -2.3816048e+01  -8.8946139e+00   2.8511867e+02   5.1433314e+01  -2.1240720e+02
  -3.1189811e+01  -2.3772234e+01  -9.0713295e+00   2.8538006e+02   5.1571306e+01  -2.1272587e+02
  -3.1344548e+01  -2.3711119e+01  -9.2560323e+00   2.8565681e+02   5.1727870e+01  -2.1307571e+02
  -3.1510919e+01  -2.3631511e+01  -9.4474312e+00   2.8594786e+02   5.1904078e+01  -2.1345612e+02
  -3.1690466e+01  -2.3533178e+01  -9.6443615e+00   2.8625185e+02   5.2100778e+01  -2.1386560e+02
  -3.1884832e+01  -2.3416917e+01  -9.8457804e+00   2.8656708e+02   5.2318671e+01  -2.1430166e+02
  -3.2095693e+01  -2.3284514e+01  -1.0050678e+01   2.8689169e+02   5.2558392e+01  -2.1476079e+02
  -3.2324709e+01  -2.3138637e+01  -1.0257961e+01   2.8722375e+02   5.2820587e+01  -2.1523839e+02
  -3.2573479e+01  -2.2982646e+01  -1.0466305e+01   2.8756147e+02   5.3105978e+01  -2.1572880e+02
  -3.2843514e+01  -2.2820363e+01  -1.0674019e+01   2.8790331e+02   5.3415406e+01  -2.1622538e+02
  -3.3136219e+01  -2.2655814e+01  -1.0878938e+01   2.8824817e+02   5.3749860e+01  -2.1672064e+02
  -3.3452902e+01  -2.2492977e+01  -1.1078374e+01   2.8859545e+02   5.4110491e+01  -2.1720636e+02
  -3.3794786e+01  -2.2335556e+01  -1.1269123e+01   2.8894514e+02   5.4498610e+01  -2.1767380e+02
  -3.4163027e+01  -2.2186781e+01  -1.1447542e+01   2.8929781e+02   5.4915708e+01  -2.1811392e+02
  -3.4558741e+01  -2.2049276e+01  -1.1609668e+01   2.8965461e+02   5.5363473e+01  -2.1851763e+02
  -3.4983026e+01  -2.1924977e+01  -1.1751405e+01   2.9001712e+02   5.5843817e+01  -2.1887607e+02
  -3.5436966e+01  -2.1815093e+01  -1.1868708e+01   2.9038733e+02   5.6358934e+01  -2.1918088e+02
  -3.5921655e+01  -2.1720140e+01  -1.1957805e+01   2.9076752e+02   5.6911343e+01  -2.1942452e+02
  -3.6438173e+01  -2.1639981e+01  -1.2015386e+01   2.9116017e+02   5.7503947e+01  -2.1960053e+02
  -3.6987577e+01  -2.1573912e+01  -1.2038765e+01   2.9156792e+02   5.8140059e+01  -2.1970383e+02
  -3.7570870e+01  -2.1520736e+01  -1.2026002e+01   2.9199359e+02   5.8823397e+01  -2.1973092e+02
  -3.8188981e+01  -2.1478868e+01  -1.1975984e+01   2.9244022e+02   5.9558026e+01  -2.1968008e+02
  -3.8842749e+01  -2.1446423e+01  -1.1888451e+01   2.9291116e+02   6.0348240e+01  -2.1955141e+02
  -3.9532918e+01  -2.1421300e+01  -1.1763976e+01   2.9341025e+02   6.1198391e+01  -2.1934691e+02
  -4.0260168e+01  -2.1401253e+01  -1.1603914e+01   2.9394194e+02   6.2112670e+01  -2.1907034e+02
  -4.1025174e+01  -2.1383953e+01  -1.1410308e+01   2.9451154e+02   6.3094849e+01  -2.1872708e+02
  -4.1828696e+01  -2.1367015e+01  -1.1185765e+01   2.9512538e+02   6.4148032e+01  -2.1832390e+02
  -4.2671713e+01  -2.1348007e+01  -1.0933311e+01   2.9579101e+02   6.5274415e+01  -2.1786860e+02
  -4.3555577e+01  -2.1324435e+01  -1.0656224e+01   2.9651735e+02   6.6475101e+01  -2.1736973e+02
  -4.4482197e+01  -2.1293714e+01  -1.0357863e+01   2.9731485e+02   6.7749984e+01  -2.1683614e+02
  -4.5454239e+01  -2.1253153e+01  -1.0041498e+01   2.9819557e+02   6.9097705e+01  -2.1627668e+02
  -4.6475293e+01  -2.1199901e+01  -9.7101165e+00   2.9917322e+02   7.0515715e+01  -2.1569984e+02
  -4.7550023e+01  -2.1130929e+01  -9.3662523e+00   3.0026316e+02   7.2000422e+01  -2.1511348e+02
  -4.8684260e+01  -2.1042997e+01  -9.0118065e+00   3.0148231e+02   7.3547447e+01  -2.1452454e+02
  -4.9885041e+01  -2.0932628e+01  -8.6478946e+00   3.0284903e+02   7.5151943e+01  -2.1393892e+02
  -5.1160566e+01  -2.0796097e+01  -8.2747361e+00   3.0438289e+02   7.6809009e+01  -2.1336132e+02
  -5.2520081e+01  -2.0629410e+01  -7.8915927e+00   3.0610439e+02   7.8514118e+01  -2.1279519e+02
  -5.3973672e+01  -2.0428318e+01  -7.4968018e+00   3.0803465e+02   8.0263580e+01  -2.1224268e+02
  -5.5531960e+01  -2.0188317e+01  -7.0878838e+00   3.1019495e+02   8.2054956e+01  -2.1170464e+02
  -5.7205677e+01  -1.9904667e+01  -6.6617405e+00   3.1260640e+02   8.3887427e+01  -2.1118068e+02
  -5.9005114e+01  -1.9572436e+01  -6.2149348e+00   3.1528940e+02   8.5762045e+01  -2.1066915e+02
  -6.0939447e+01  -1.9186528e+01  -5.7440231e+00   3.1826323e+02   8.7681885e+01  -2.1016721e+02
  -6.3015906e+01  -1.8741853e+01  -5.2459403e+00   3.2154553e+02   8.9652029e+01  -2.0967087e+02
  -6.5238858e+01  -1.8233544e+01  -4.7184052e+00   3.2515195e+02   9.1679414e+01  -2.0917505e+02
  -6.7608816e+01  -1.7657387e+01  -4.1603689e+00   3.2909575e+02   9.3772512e+01  -2.0867376e+02
  -7.0121463e+01  -1.7010442e+01  -3.5725067e+00   3.3338763e+02   9.5940866e+01  -2.0816037e+02
  -7.2766830e+01  -1.6291897e+01  -2.9577828e+00   3.3803572e+02   9.8194437e+01  -2.0762812e+02
  -7.5528664e+01  -1.5504037e+01  -2.3220175e+00   3.4304586e+02   1.0054284e+02  -2.0707075e+02
  -7.8384189e+01  -1.4653260e+01  -1.6744393e+00   3.4842210e+02   1.0299446e+02  -2.0648343e+02
  -8.1304270e+01  -1.3750852e+01  -1.0280202e+00   3.5416755e+02   1.0555547e+02  -2.0586368e+02
  -8.4254001e+01  -1.2813253e+01  -3.9937096e-01   3.6028536e+02   1.0822891e+02  -2.0521222e+02
  -8.7193730e+01  -1.1861663e+01   1.9193366e-01   3.6677997e+02   1.1101377e+02  -2.0453345e+02
  -9.0080399e+01  -1.0920864e+01   7.2469312e-01   3.7365830e+02   1.1390440e+02  -2.0383523e+02
  -9.2868929e+01  -1.0017203e+01   1.1780362e+00   3.8093077e+02   1.1689030e+02  -2.0312804e+02
  -9.5513535e+01  -9.1760306e+00   1.5335423e+00   3.8861192e+02   1.1995646e+02  -2.0242332e+02
  -9.7968864e+01  -8.4191042e+00   1.7769751e+00   3.9672050e+02   1.2308393e+02  -2.0173174e+02
  -1.0019113e+02  -7.7624834e+00   1.8991714e+00   4.0527857e+02   1.2625041e+02  -2.0106177e+02
  -1.0213979e+02  -7.2159362e+00   1.8958020e+00   4.1430966e+02   1.2943014e+02  -2.0041926e+02
  -1.0377969e+02  -6.7836786e+00   1.7665894e+00   4.2383604e+02   1.3259360e+02  -1.9980780e+02
  -1.0508350e+02  -6.4661673e+00   1.5144218e+00   4.3387557e+02   1.3570740e+02  -1.9922970e+02
  -1.0603366e+02  -6.2619466e+00   1.1448370e+00   4.4443884e+02   1.3873498e+02  -1.9868690e+02
  -1.0662358e+02  -6.1688315e+00   6.6593808e-01   4.5552714e+02   1.4163797e+02  -1.9818159e+02
  -1.0685784e+02  -6.1842722e+00   8.8513788e-02   4.6713166e+02   1.4437805e+02  -1.9771640e+02
  -1.0675145e+02  -6.3049743e+00  -5.7382464e-01   4.7923379e+02   1.4691888e+02  -1.9729424e+02
  -1.0632841e+02  -6.5261348e+00  -1.3047138e+00   4.9180663e+02   1.4922778e+02  -1.9691795e+02
  -1.0561963e+02  -6.8406980e+00  -2.0854622e+00   5.0481717e+02   1.5127706e+02  -1.9658991e+02
  -1.0466048e+02  -7.2389520e+00  -2.8958644e+00   5.1822883e+02   1.5304496e+02  -1.9631179e+02
  -1.0348819e+02  -7.7086430e+00  -3.7153277e+00   5.3200404e+02   1.5451609e+02  -1.9608448e+02
  -1.0213928e+02  -8.2356387e+00  -4.5241651e+00   5.4610647e+02   1.5568155e+02  -1.9590812e+02
  -1.0064745e+02  -8.8049628e+00  -5.3048250e+00   5.6050276e+02   1.5653843e+02  -1.9578239e+02
  -9.9041989e+01  -9.4019851e+00  -6.0428856e+00   5.7516358e+02   1.5708905e+02  -1.9570662e+02
  -9.7346977e+01  -1.0013475e+01  -6.7276831e+00   5.9006423e+02   1.5733975e+02  -1.9568001e+02
  -9.5581136e+01  -1.0628314e+01  -7.3525256e+00   6.0518473e+02   1.5729954e+02  -1.9570157e+02
  -9.3758341e+01  -1.1237852e+01  -7.9145855e+00   6.2050957e+02   1.5697876e+02  -1.9577009e+02
  -9.1888482e+01  -1.1835783e+01  -8.4144446e+00   6.3602738e+02   1.5638793e+02  -1.9588394e+02
  -8.9978583e+01  -1.2417813e+01  -8.8555377e+00   6.5173031e+02   1.5553687e+02  -1.9604098e+02
  -8.8033889e+01  -1.2981107e+01  -9.2434286e+00   6.6761359e+02   1.5443419e+02  -1.9623843e+02
  -8.6058845e+01  -1.3523754e+01  -9.5851186e+00   6.8367491e+02   1.5308720e+02  -1.9647287e+02
  -8.4057837e+01  -1.4044304e+01  -9.8883649e+00   6.9991392e+02   1.5150206e+02  -1.9674036e+02
  -8.2035624e+01  -1.4541452e+01  -1.0161066e+01   7.1633178e+02   1.4968425e+02  -1.9703658e+02
  -7.9997550e+01  -1.5013943e+01  -1.0410774e+01   7.3293074e+02   1.4763901e+02  -1.9735707e+02
  -7.7949399e+01  -1.5460546e+01  -1.0644244e+01   7.4971371e+02   1.4537207e+02  -1.9769742e+02
  -7.5897152e+01  -1.5880222e+01  -1.0867168e+01   7.6668395e+02   1.4289010e+02  -1.9805346e+02
  -7.3846512e+01  -1.6272255e+01  -1.1083923e+01   7.8384480e+02   1.4020124e+02  -1.9842139e+02
  -7.1802461e+01  -1.6636392e+01  -1.1297494e+01   8.0119936e+02   1.3731550e+02  -1.9879788e+02
  -6.9768824e+01  -1.6972893e+01  -1.1509444e+01   8.1875034e+02   1.3424499e+02  -1.9917997e+02
  -6.7747965e+01  -1.7282511e+01  -1.1720029e+01   8.3649981e+02   1.3100408e+02  -1.9956512e+02
  -6.5740645e+01  -1.7566359e+01  -1.1928358e+01   8.5444913e+02   1.2760951e+02  -1.9995100e+02
  -6.3746016e+01  -1.7825747e+01  -1.2132682e+01   8.7259878e+02   1.2408033e+02  -2.0033548e+02
  -6.1761888e+01  -1.8061972e+01  -1.2330720e+01   8.9094828e+02   1.2043790e+02  -2.0071647e+02
  -5.9784957e+01  -1.8276056e+01  -1.2519954e+01   9.0949615e+02   1.1670580e+02  -2.0109188e+02
  -5.7811303e+01  -1.8468608e+01  -1.2698004e+01   9.2823978e+02   1.1290973e+02  -2.0145961e+02
  -5.5836825e+01  -1.8639700e+01  -1.2862886e+01   9.4717539e+02   1.0907738e+02  -2.0181761e+02
  -5.3857701e+01  -1.8788908e+01  -1.3013247e+01   9.6629788e+02   1.0523819e+02  -2.0216400e+02
  -5.1870811e+01  -1.8915447e+01  -1.3148487e+01   9.8560071e+02   1.0142317e+02  -2.0249727e+02
  -4.9874053e+01  -1.9018451e+01  -1.3268812e+01   1.0050757e+03   9.7664478e+01  -2.0281653e+02
  -4.7866495e+01  -1.9097339e+01  -1.3375099e+01   1.0247126e+03   9.3995183e+01  -2.0312179e+02
  -4.5848480e+01  -1.9152185e+01  -1.3468726e+01   1.0444992e+03   9.0448733e+01  -2.0341425e+02
  -4.3821538e+01  -1.9184071e+01  -1.3551196e+01   1.0644205e+03   8.7058558e+01  -2.0369653e+02
  -4.1788163e+01  -1.9195323e+01  -1.3623699e+01   1.0844587e+03   8.3857645e+01  -2.0397273e+02
  -3.9751640e+01  -1.9189579e+01  -1.3686644e+01   1.1045928e+03   8.0877958e+01  -2.0424845e+02
  -3.7715710e+01  -1.9171709e+01  -1.3739193e+01   1.1247979e+03   7.8149945e+01  -2.0453061e+02
  -3.5684250e+01  -1.9147571e+01  -1.3778821e+01   1.1450458e+03   7.5701977e+01  -2.0482704e+02
  -3.3661069e+01  -1.9123640e+01  -1.3801143e+01   1.1653040e+03   7.3559700e+01  -2.0514606e+02
  -3.1649711e+01  -1.9106590e+01  -1.3799871e+01   1.1855363e+03   7.1745380e+01  -2.0549581e+02
  -2.9653449e+01  -1.9102898e+01  -1.3767112e+01   1.2057026e+03   7.0277188e+01  -2.0588367e+02
  -2.7675277e+01  -1.9118366e+01  -1.3693773e+01   1.2257596e+03   6.9168560e+01  -2.0631552e+02
  -2.5718175e+01  -1.9157828e+01  -1.3570351e+01   1.2456613e+03   6.8427471e+01  -2.0679528e+02
  -2.3785359e+01  -1.9224897e+01  -1.3387799e+01   1.2653594e+03   6.8055882e+01  -2.0732440e+02
  -2.1880647e+01  -1.9321820e+01  -1.3138540e+01   1.2848046e+03   6.8049211e+01  -2.0790171e+02
  -2.0008715e+01  -1.9449378e+01  -1.2817397e+01   1.3039470e+03   6.8396043e+01  -2.0852335e+02
  -1.8175391e+01  -1.9606935e+01  -1.2422465e+01   1.3227377e+03   6.9077926e+01  -2.0918310e+02
  -1.6387737e+01  -1.9792502e+01  -1.1955762e+01   1.3411288e+03   7.0069424e+01  -2.0987278e+02
  -1.4654067e+01  -2.0002862e+01  -1.1423536e+01   1.3590747e+03   7.1338295e+01  -2.1058300e+02
  -1.2983702e+01  -2.0233720e+01  -1.0836240e+01   1.3765325e+03   7.2845956e+01  -2.1130398e+02
  -1.1386784e+01  -2.0479815e+01  -1.0208105e+01   1.3934624e+03   7.4547943e+01  -2.1202635e+02
  -9.8738420e+00  -2.0735081e+01  -9.5563395e+00   1.4098281e+03   7.6394624e+01  -2.1274205e+02
  -8.4553875e+00  -2.0992748e+01  -8.8999718e+00   1.4255970e+03   7.8332020e+01  -2.1344492e+02
  -7.1416581e+00  -2.1245599e+01  -8.2586280e+00   1.4407406e+03   8.0302658e+01  -2.1413124e+02
  -5.9421984e+00  -2.1486167e+01  -7.6510734e+00   1.4552350e+03   8.2246752e+01  -2.1479990e+02
  -4.8656992e+00  -2.1707136e+01  -7.0940018e+00   1.4690610e+03   8.4103495e+01  -2.1545245e+02
  -3.9198453e+00  -2.1901730e+01  -6.6010284e+00   1.4822051e+03   8.5812601e+01  -2.1609285e+02
  -3.1111409e+00  -2.2064208e+01  -6.1819900e+00   1.4946601e+03   8.7316209e+01  -2.1672712e+02
  -2.4447718e+00  -2.2190217e+01  -5.8426594e+00   1.5064249e+03   8.8560985e+01  -2.1736272e+02
  -1.9243920e+00  -2.2277086e+01  -5.5847864e+00   1.5175056e+03   8.9500443e+01  -2.1800798e+02
  -1.5517990e+00  -2.2323959e+01  -5.4064717e+00   1.5279148e+03   9.0097350e+01  -2.1867127e+02
  -1.3265378e+00  -2.2331749e+01  -5.3026982e+00   1.5376708e+03   9.0326061e+01  -2.1936022e+02
  -1.2454778e+00  -2.2302952e+01  -5.2660609e+00   1.5467968e+03   9.0174492e+01  -2.2008090e+02
  -1.3023401e+00  -2.2241371e+01  -5.2874317e+00   1.5553189e+03   8.9645653e+01  -2.2083699e+02
  -1.4873276e+00  -2.2151738e+01  -5.3566148e+00   1.5632637e+03   8.8758453e+01  -2.2162902e+02
  -1.7869548e+00  -2.2039455e+01  -5.4630095e+00   1.5706560e+03   8.7547573e+01  -2.2245387e+02
  -2.1840141e+00  -2.1910276e+01  -5.5960597e+00   1.5775166e+03   8.6062441e+01  -2.2330438e+02
  -2.6579587e+00  -2.1770115e+01  -5.7457397e+00   1.5838595e+03   8.4365071e+01  -2.2416937e+02
  -3.1855484e+00  -2.1624834e+01  -5.9028525e+00   1.5896909e+03   8.2526993e+01  -2.2503405e+02
  -3.7418770e+00  -2.1480065e+01  -6.0593228e+00   1.5950088e+03   8.0625242e+01  -2.2588076e+02
  -4.3016727e+00  -2.1341030e+01  -6.2083895e+00   1.5998037e+03   7.8737686e+01  -2.2669022e+02
  -4.8408876e+00  -2.1212278e+01  -6.3447410e+00   1.6040610e+03   7.6938034e+01  -2.2744299e+02
