   1.8389121e+01  -1.2076982e+01  -3.1707269e+00   3.1702702e+02   9.1836263e+01  -2.0376813e+02
   1.7156635e+01  -1.2100225e+01  -2.3082473e+00   3.2024140e+02   8.7067520e+01  -2.0501826e+02
   1.5900316e+01  -1.2093258e+01  -1.4515377e+00   3.2337273e+02   8.2366285e+01  -2.0625573e+02
   1.4631412e+01  -1.2052601e+01  -6.0767188e-01   3.2639283e+02   7.7768361e+01  -2.0745101e+02
   1.3357796e+01  -1.1974550e+01   2.1544343e-01   3.2927558e+02   7.3303486e+01  -2.0857365e+02
   1.2084361e+01  -1.1855695e+01   1.0086677e+00   3.3199716e+02   6.8995844e+01  -2.0959339e+02
   1.0813510e+01  -1.1693561e+01   1.7616152e+00   3.3453687e+02   6.4864625e+01  -2.1048165e+02
   9.5460646e+00  -1.1487287e+01   2.4630797e+00   3.3687816e+02   6.0924476e+01  -2.1121332e+02
   8.2821647e+00  -1.1238201e+01   3.1018712e+00   3.3900981e+02   5.7186032e+01  -2.1176874e+02
   7.0220095e+00  -1.0950189e+01   3.6679130e+00   3.4092676e+02   5.3656602e+01  -2.1213556e+02
   5.7665039e+00  -1.0629790e+01   4.1534224e+00   3.4263047e+02   5.0340992e+01  -2.1231034e+02
   4.5176635e+00  -1.0285991e+01   4.5539713e+00   3.4412862e+02   4.7242409e+01  -2.1229949e+02
   3.2788529e+00  -9.9297251e+00   4.8692213e+00   3.4543421e+02   4.4363288e+01  -2.1211937e+02
   2.0547417e+00  -9.5731316e+00   5.1031940e+00   3.4656422e+02   4.1705939e+01  -2.1179548e+02
   8.5114413e-01  -9.2286610e+00   5.2640128e+00   3.4753802e+02   3.9272847e+01  -2.1136065e+02
  -3.2529395e-01  -8.9081368e+00   5.3631329e+00   3.4837581e+02   3.7066564e+01  -2.1085249e+02
  -1.4674974e+00  -8.6218746e+00   5.4141767e+00   3.4909727e+02   3.5089205e+01  -2.1031035e+02
  -2.5683861e+00  -8.3779738e+00   5.4315577e+00   3.4972045e+02   3.3341624e+01  -2.0977212e+02
  -3.6213818e+00  -8.1818361e+00   5.4291035e+00   3.5026113e+02   3.1822459e+01  -2.0927137e+02
  -4.6207674e+00  -8.0359664e+00   5.4188903e+00   3.5073250e+02   3.0527212e+01  -2.0883506e+02
  -5.5620305e+00  -7.9400350e+00   5.4104370e+00   3.5114521e+02   2.9447575e+01  -2.0848215e+02
  -6.4419817e+00  -7.8911768e+00   5.4103232e+00   3.5150764e+02   2.8571113e+01  -2.0822312e+02
  -7.2588347e+00  -7.8844412e+00   5.4222129e+00   3.5182629e+02   2.7881378e+01  -2.0806034e+02
  -8.0121113e+00  -7.9133559e+00   5.4471904e+00   3.5210623e+02   2.7358427e+01  -2.0798913e+02
  -8.7024945e+00  -7.9705089e+00   5.4842875e+00   3.5235157e+02   2.6979679e+01  -2.0799916e+02
  -9.3316442e+00  -8.0481239e+00   5.5310970e+00   3.5256578e+02   2.6721003e+01  -2.0807620e+02
  -9.9019705e+00  -8.1385832e+00   5.5843779e+00   3.5275197e+02   2.6557907e+01  -2.0820372e+02
  -1.0416444e+01  -8.2348684e+00   5.6405958e+00   3.5291305e+02   2.6466729e+01  -2.0836455e+02
  -1.0878412e+01  -8.3309064e+00   5.6963621e+00   3.5305181e+02   2.6425679e+01  -2.0854222e+02
  -1.1291431e+01  -8.4217918e+00   5.7487532e+00   3.5317090e+02   2.6415691e+01  -2.0872210e+02
  -1.1659138e+01  -8.5038961e+00   5.7955124e+00   3.5327284e+02   2.6421007e+01  -2.0889219e+02
  -1.1985155e+01  -8.5748620e+00   5.8351405e+00   3.5335997e+02   2.6429482e+01  -2.0904353e+02
  -1.2273000e+01  -8.6334935e+00   5.8669067e+00   3.5343441e+02   2.6432594e+01  -2.0917038e+02
  -1.2526052e+01  -8.6795739e+00   5.8907835e+00   3.5349807e+02   2.6425225e+01  -2.0927004e+02
  -1.2747529e+01  -8.7136389e+00   5.9073348e+00   3.5355264e+02   2.6405220e+01  -2.0934252e+02
  -1.2940490e+01  -8.7367372e+00   5.9175721e+00   3.5359960e+02   2.6372820e+01  -2.0938995e+02
  -1.3107843e+01  -8.7502081e+00   5.9227977e+00   3.5364030e+02   2.6330012e+01  -2.0941601e+02
  -1.3252350e+01  -8.7554963e+00   5.9244407e+00   3.5367591e+02   2.6279872e+01  -2.0942526e+02
  -1.3376630e+01  -8.7540211e+00   5.9239055e+00   3.5370748e+02   2.6225959e+01  -2.0942250e+02
  -1.3483145e+01  -8.7470953e+00   5.9224407e+00   3.5373593e+02   2.6171792e+01  -2.0941228e+02
  -1.3574176e+01  -8.7358910e+00   5.9210342e+00   3.5376203e+02   2.6120458e+01  -2.0939846e+02
  -1.3651800e+01  -8.7214430e+00   5.9203445e+00   3.5378642e+02   2.6074334e+01  -2.0938396e+02
  -1.3717869e+01  -8.7046635e+00   5.9206716e+00   3.5380955e+02   2.6034965e+01  -2.0937061e+02
  -1.3773968e+01  -8.6863713e+00   5.9219677e+00   3.5383177e+02   2.6003025e+01  -2.0935924e+02
  -1.3821435e+01  -8.6673195e+00   5.9238825e+00   3.5385326e+02   2.5978402e+01  -2.0934975e+02
  -1.3861345e+01  -8.6482201e+00   5.9258373e+00   3.5387416e+02   2.5960317e+01  -2.0934137e+02
  -1.3894544e+01  -8.6297568e+00   5.9271172e+00   3.5389458e+02   2.5947497e+01  -2.0933299e+02
  -1.3921679e+01  -8.6125911e+00   5.9269650e+00   3.5391467e+02   2.5938350e+01  -2.0932336e+02
  -1.3943255e+01  -8.5973587e+00   5.9246675e+00   3.5393468e+02   2.5931136e+01  -2.0931144e+02
  -1.3959664e+01  -8.5846578e+00   5.9196200e+00   3.5395506e+02   2.5924107e+01  -2.0929654e+02
  -1.3971245e+01  -8.5750344e+00   5.9113654e+00   3.5397644e+02   2.5915628e+01  -2.0927847e+02
  -1.3978314e+01  -8.5689654e+00   5.8995984e+00   3.5399969e+02   2.5904264e+01  -2.0925754e+02
  -1.3981176e+01  -8.5668503e+00   5.8841450e+00   3.5402587e+02   2.5888850e+01  -2.0923457e+02
  -1.3980127e+01  -8.5690092e+00   5.8649165e+00   3.5405625e+02   2.5868531e+01  -2.0921072e+02
  -1.3975443e+01  -8.5756887e+00   5.8418429e+00   3.5409220e+02   2.5842806e+01  -2.0918738e+02
  -1.3967343e+01  -8.5870847e+00   5.8148047e+00   3.5413518e+02   2.5811545e+01  -2.0916598e+02
  -1.3955968e+01  -8.6033467e+00   5.7835567e+00   3.5418661e+02   2.5775004e+01  -2.0914789e+02
  -1.3941354e+01  -8.6245759e+00   5.7476688e+00   3.5424784e+02   2.5733805e+01  -2.0913425e+02
  -1.3923439e+01  -8.6508058e+00   5.7064826e+00   3.5432006e+02   2.5688902e+01  -2.0912596e+02
  -1.3902074e+01  -8.6819578e+00   5.6590956e+00   3.5440427e+02   2.5641506e+01  -2.0912367e+02
  -1.3877101e+01  -8.7177849e+00   5.6043786e+00   3.5450123e+02   2.5592984e+01  -2.0912784e+02
  -1.3848421e+01  -8.7577965e+00   5.5410279e+00   3.5461140e+02   2.5544723e+01  -2.0913885e+02
  -1.3816122e+01  -8.8012015e+00   5.4676362e+00   3.5473496e+02   2.5497995e+01  -2.0915711e+02
  -1.3780549e+01  -8.8468837e+00   5.3827922e+00   3.5487179e+02   2.5453795e+01  -2.0918314e+02
  -1.3742401e+01  -8.8934024e+00   5.2851801e+00   3.5502142e+02   2.5412725e+01  -2.0921767e+02
  -1.3702778e+01  -8.9390659e+00   5.1736731e+00   3.5518305e+02   2.5374911e+01  -2.0926160e+02
  -1.3663211e+01  -8.9820525e+00   5.0474229e+00   3.5535550e+02   2.5339994e+01  -2.0931603e+02
  -1.3625649e+01  -9.0205661e+00   4.9059210e+00   3.5553730e+02   2.5307209e+01  -2.0938206e+02
  -1.3592405e+01  -9.0530087e+00   4.7490530e+00   3.5572662e+02   2.5275519e+01  -2.0946076e+02
  -1.3566051e+01  -9.0781284e+00   4.5771312e+00   3.5592141e+02   2.5243820e+01  -2.0955295e+02
  -1.3549256e+01  -9.0951330e+00   4.3909208e+00   3.5611940e+02   2.5211138e+01  -2.0965911e+02
  -1.3544582e+01  -9.1037407e+00   4.1916654e+00   3.5631823e+02   2.5176809e+01  -2.0977926e+02
  -1.3554268e+01  -9.1041801e+00   3.9811028e+00   3.5651556e+02   2.5140607e+01  -2.0991287e+02
  -1.3580048e+01  -9.0971180e+00   3.7614889e+00   3.5670917e+02   2.5102791e+01  -2.1005889e+02
  -1.3623005e+01  -9.0835407e+00   3.5356084e+00   3.5689710e+02   2.5064081e+01  -2.1021572e+02
  -1.3683457e+01  -9.0646047e+00   3.3067754e+00   3.5707772e+02   2.5025557e+01  -2.1038131e+02
  -1.3760939e+01  -9.0414693e+00   3.0788018e+00   3.5724982e+02   2.4988511e+01  -2.1055324e+02
  -1.3854227e+01  -9.0151304e+00   2.8559383e+00   3.5741268e+02   2.4954271e+01  -2.1072878e+02
  -1.3961395e+01  -8.9862863e+00   2.6427749e+00   3.5756605e+02   2.4924010e+01  -2.1090496e+02
  -1.4079998e+01  -8.9552292e+00   2.4441041e+00   3.5771012e+02   2.4898603e+01  -2.1107867e+02
  -1.4207223e+01  -8.9217872e+00   2.2647537e+00   3.5784542e+02   2.4878517e+01  -2.1124666e+02
  -1.4340140e+01  -8.8853047e+00   2.1094000e+00   3.5797269e+02   2.4863781e+01  -2.1140560e+02
  -1.4475952e+01  -8.8446792e+00   1.9823708e+00   3.5809276e+02   2.4854037e+01  -2.1155212e+02
  -1.4612286e+01  -8.7984148e+00   1.8874532e+00   3.5820636e+02   2.4848665e+01  -2.1168284e+02
  -1.4747413e+01  -8.7447251e+00   1.8277282e+00   3.5831404e+02   2.4846984e+01  -2.1179447e+02
  -1.4880542e+01  -8.6816208e+00   1.8054256e+00   3.5841610e+02   2.4848497e+01  -2.1188394e+02
  -1.5011962e+01  -8.6070192e+00   1.8218332e+00   3.5851255e+02   2.4853137e+01  -2.1194847e+02
  -1.5143150e+01  -8.5188301e+00   1.8772475e+00   3.5860319e+02   2.4861484e+01  -2.1198582e+02
  -1.5276776e+01  -8.4150436e+00   1.9709686e+00   3.5868776e+02   2.4874924e+01  -2.1199435e+02
  -1.5416575e+01  -8.2937957e+00   2.1013481e+00   3.5876611e+02   2.4895700e+01  -2.1197323e+02
  -1.5567129e+01  -8.1534205e+00   2.2658699e+00   3.5883846e+02   2.4926846e+01  -2.1192249e+02
  -1.5733546e+01  -7.9924864e+00   2.4612586e+00   3.5890562e+02   2.4971999e+01  -2.1184306e+02
  -1.5921068e+01  -7.8098175e+00   2.6836079e+00   3.5896926e+02   2.5035081e+01  -2.1173679e+02
  -1.6134547e+01  -7.6045032e+00   2.9285114e+00   3.5903200e+02   2.5119854e+01  -2.1160628e+02
  -1.6377955e+01  -7.3758999e+00   3.1911880e+00   3.5909752e+02   2.5229396e+01  -2.1145476e+02
  -1.6653862e+01  -7.1236291e+00   3.4666002e+00   3.5917046e+02   2.5365512e+01  -2.1128582e+02
  -1.6962886e+01  -6.8475884e+00   3.7495601e+00   3.5925621e+02   2.5528157e+01  -2.1110314e+02
  -1.7303344e+01  -6.5479605e+00   4.0348307e+00   3.5936053e+02   2.5714950e+01  -2.1091023e+02
  -1.7671082e+01  -6.2251947e+00   4.3172267e+00   3.5948912e+02   2.5920859e+01  -2.1071024e+02
  -1.8059576e+01  -5.8799850e+00   4.5917173e+00   3.5964709e+02   2.6138144e+01  -2.1050574e+02
  -1.8460309e+01  -5.5131946e+00   4.8535266e+00   3.5983839e+02   2.6356609e+01  -2.1029871e+02
  -1.8863549e+01  -5.1257301e+00   5.0982217e+00   3.6006534e+02   2.6564227e+01  -2.1009062e+02
  -1.9259456e+01  -4.7183890e+00   5.3217685e+00   3.6032816e+02   2.6748155e+01  -2.0988251e+02
  -1.9639470e+01  -4.2916407e+00   5.5205376e+00   3.6062466e+02   2.6896101e+01  -2.0967528e+02
  -1.9998083e+01  -3.8454144e+00   5.6912254e+00   3.6095025e+02   2.6998039e+01  -2.0946995e+02
  -2.0334806e+01  -3.3788773e+00   5.8306765e+00   3.6129806e+02   2.7048152e+01  -2.0926787e+02
  -2.0656424e+01  -2.8902632e+00   5.9355789e+00   3.6165955e+02   2.7046908e+01  -2.0907101e+02
  -2.0979420e+01  -2.3767986e+00   6.0020333e+00   3.6202559e+02   2.7003107e+01  -2.0888205e+02
  -2.1332480e+01  -1.8347592e+00   6.0249687e+00   3.6238797e+02   2.6935690e+01  -2.0870449e+02
  -2.1758621e+01  -1.2598401e+00   5.9975531e+00   3.6274161e+02   2.6875023e+01  -2.0854251e+02
  -2.2316594e+01  -6.4782247e-01   5.9106113e+00   3.6308725e+02   2.6863354e+01  -2.0840075e+02
  -2.3080765e+01   4.3140109e-03   5.7523065e+00   3.6343462e+02   2.6954110e+01  -2.0828380e+02
  -2.4138679e+01   6.9688234e-01   5.5082681e+00   3.6380588e+02   2.7209740e+01  -2.0819556e+02
  -2.5585831e+01   1.4257535e+00   5.1624173e+00   3.6423893e+02   2.7697920e+01  -2.0813828e+02
  -2.7517111e+01   2.1806996e+00   4.6986379e+00   3.6479021e+02   2.8486126e+01  -2.0811144e+02
  -3.0015211e+01   2.9442846e+00   4.1032893e+00   3.6553617e+02   2.9634842e+01  -2.0811057e+02
  -3.3136509e+01   3.6918065e+00   3.3683417e+00   3.6657266e+02   3.1189993e+01  -2.0812622e+02
  -3.6895799e+01   4.3926944e+00   2.4946485e+00   3.6801135e+02   3.3175658e+01  -2.0814327e+02
  -4.1252053e+01   5.0134186e+00   1.4947566e+00   3.6997257e+02   3.5588507e+01  -2.0814111e+02
  -4.6099154e+01   5.5216400e+00   3.9448508e-01   3.7257517e+02   3.8395718e+01  -2.0809476e+02
  -5.1266692e+01   5.8909161e+00  -7.6746924e-01   3.7592515e+02   4.1537668e+01  -2.0797728e+02
  -5.6535369e+01   6.1048470e+00  -1.9424185e+00   3.8010665e+02   4.4935341e+01  -2.0776287e+02
  -6.1667131e+01   6.1594877e+00  -3.0768812e+00   3.8517849e+02   4.8500383e+01  -2.0743016e+02
  -6.6442503e+01   6.0632828e+00  -4.1191282e+00   3.9117698e+02   5.2144500e+01  -2.0696445e+02
  -7.0691754e+01   5.8344793e+00  -5.0250235e+00   3.9812246e+02   5.5785531e+01  -2.0635851e+02
  -7.4309255e+01   5.4971112e+00  -5.7617248e+00   4.0602514e+02   5.9349956e+01  -2.0561200e+02
  -7.7250061e+01   5.0768080e+00  -6.3087616e+00   4.1488773e+02   6.2773333e+01  -2.0473042e+02
  -7.9515682e+01   4.5974673e+00  -6.6572893e+00   4.2470517e+02   6.6000368e+01  -2.0372429e+02
  -8.1137808e+01   4.0792066e+00  -6.8086252e+00   4.3546291e+02   6.8985313e+01  -2.0260856e+02
  -8.2165067e+01   3.5375235e+00  -6.7727130e+00   4.4713545e+02   7.1692578e+01  -2.0140234e+02
  -8.2654223e+01   2.9834491e+00  -6.5667463e+00   4.5968572e+02   7.4097177e+01  -2.0012861e+02
  -8.2664890e+01   2.4243958e+00  -6.2138072e+00   4.7306548e+02   7.6184681e+01  -1.9881360e+02
  -8.2256672e+01   1.8653807e+00  -5.7413251e+00   4.8721678e+02   7.7950527e+01  -1.9748596e+02
  -8.1487568e+01   1.3103080e+00  -5.1792517e+00   5.0207426e+02   7.9398738e+01  -1.9617542e+02
  -8.0412887e+01   7.6300519e-01  -4.5579710e+00   5.1756807e+02   8.0540194e+01  -1.9491129e+02
  -7.9084458e+01   2.2779797e-01  -3.9061734e+00   5.3362721e+02   8.1390714e+01  -1.9372078e+02
  -7.7549888e+01  -2.9044721e-01  -3.2489964e+00   5.5018275e+02   8.1969176e+01  -1.9262750e+02
  -7.5851878e+01  -7.8674755e-01  -2.6066839e+00   5.6717071e+02   8.2295873e+01  -1.9165022e+02
  -7.4027765e+01  -1.2567041e+00  -1.9939874e+00   5.8453420e+02   8.2391219e+01  -1.9080206e+02
  -7.2109237e+01  -1.6972327e+00  -1.4203100e+00   6.0222455e+02   8.2274784e+01  -1.9009022e+02
  -7.0122436e+01  -2.1071574e+00  -8.9042782e-01   6.2020161e+02   8.1964643e+01  -1.8951610e+02
  -6.8088333e+01  -2.4874662e+00  -4.0566514e-01   6.3843313e+02   8.1476965e+01  -1.8907581e+02
  -6.6023309e+01  -2.8412822e+00   3.4842877e-02   6.5689360e+02   8.0825768e+01  -1.8876100e+02
  -6.3939861e+01  -3.1734835e+00   4.3292774e-01   6.7556283e+02   8.0022810e+01  -1.8855975e+02
  -6.1847199e+01  -3.4901403e+00   7.9041401e-01   6.9442440e+02   7.9077595e+01  -1.8845762e+02
  -5.9751816e+01  -3.7978083e+00   1.1084713e+00   7.1346444e+02   7.7997475e+01  -1.8843868e+02
  -5.7657846e+01  -4.1028333e+00   1.3873255e+00   7.3267064e+02   7.6787875e+01  -1.8848651e+02
  -5.5567375e+01  -4.4107259e+00   1.6262930e+00   7.5203180e+02   7.5452639e+01  -1.8858511e+02
  -5.3480760e+01  -4.7256701e+00   1.8240469e+00   7.7153768e+02   7.3994549e+01  -1.8871967e+02
  -5.1396927e+01  -5.0502291e+00   1.9790321e+00   7.9117936e+02   7.2415976e+01  -1.8887725e+02
  -4.9313716e+01  -5.3852299e+00   2.0899269e+00   8.1094952e+02   7.0719668e+01  -1.8904725e+02
  -4.7228311e+01  -5.7298169e+00   2.1560048e+00   8.3084297e+02   6.8909623e+01  -1.8922165e+02
  -4.5137686e+01  -6.0816357e+00   2.1774004e+00   8.5085686e+02   6.6991936e+01  -1.8939507e+02
  -4.3039023e+01  -6.4371336e+00   2.1551884e+00   8.7099078e+02   6.4975571e+01  -1.8956462e+02
  -4.0930020e+01  -6.7918415e+00   2.0913047e+00   8.9124642e+02   6.2872932e+01  -1.8972951e+02
  -3.8809351e+01  -7.1407896e+00   1.9883660e+00   9.1162707e+02   6.0700218e+01  -1.8989054e+02
  -3.6676734e+01  -7.4787548e+00   1.8493715e+00   9.3213683e+02   5.8477510e+01  -1.9004952e+02
  -3.4533114e+01  -7.8005714e+00   1.6774059e+00   9.5277970e+02   5.6228603e+01  -1.9020864e+02
  -3.2380591e+01  -8.1013446e+00   1.4753662e+00   9.7355861e+02   5.3980606e+01  -1.9036990e+02
  -3.0222443e+01  -8.3765982e+00   1.2457765e+00   9.9447455e+02   5.1763375e+01  -1.9053473e+02
  -2.8062888e+01  -8.6224335e+00   9.9073746e-01   1.0155259e+03   4.9608805e+01  -1.9070376e+02
  -2.5906744e+01  -8.8356169e+00   7.1198407e-01   1.0367077e+03   4.7550030e+01  -1.9087677e+02
  -2.3759494e+01  -9.0136487e+00   4.1106511e-01   1.0580116e+03   4.5620727e+01  -1.9105302e+02
  -2.1626446e+01  -9.1549354e+00   8.9656035e-02   1.0794253e+03   4.3854261e+01  -1.9123161e+02
  -1.9513087e+01  -9.2587758e+00  -2.5015322e-01   1.1009331e+03   4.2283138e+01  -1.9141215e+02
  -1.7424348e+01  -9.3254598e+00  -6.0547591e-01   1.1225154e+03   4.0938339e+01  -1.9159551e+02
  -1.5364614e+01  -9.3562830e+00  -9.7235472e-01   1.1441489e+03   3.9848841e+01  -1.9178443e+02
  -1.3337547e+01  -9.3534361e+00  -1.3455157e+00   1.1658073e+03   3.9041190e+01  -1.9198426e+02
  -1.1346148e+01  -9.3199036e+00  -1.7182583e+00   1.1874609e+03   3.8539152e+01  -1.9220333e+02
  -9.3923247e+00  -9.2593836e+00  -2.0823836e+00   1.2090768e+03   3.8363210e+01  -1.9245306e+02
  -7.4772753e+00  -9.1760671e+00  -2.4283550e+00   1.2306196e+03   3.8530326e+01  -1.9274773e+02
  -5.6013439e+00  -9.0745522e+00  -2.7455170e+00   1.2520509e+03   3.9053497e+01  -1.9310391e+02
  -3.7641975e+00  -8.9597834e+00  -3.0225022e+00   1.2733300e+03   3.9941388e+01  -1.9353945e+02
  -1.9650648e+00  -8.8369574e+00  -3.2477557e+00   1.2944142e+03   4.1197881e+01  -1.9407223e+02
  -2.0291615e-01  -8.7115265e+00  -3.4101965e+00   1.3152587e+03   4.2821662e+01  -1.9471874e+02
   1.5232303e+00  -8.5891909e+00  -3.4999789e+00   1.3358175e+03   4.4805741e+01  -1.9549251e+02
   3.2137202e+00  -8.4758327e+00  -3.5092906e+00   1.3560434e+03   4.7137051e+01  -1.9640273e+02
   4.8680334e+00  -8.3773823e+00  -3.4331417e+00   1.3758888e+03   4.9795982e+01  -1.9745300e+02
   6.4844427e+00  -8.2996131e+00  -3.2700376e+00   1.3953064e+03   5.2755965e+01  -1.9864049e+02
   8.0595602e+00  -8.2477803e+00  -3.0225057e+00   1.4142497e+03   5.5983217e+01  -1.9995554e+02
   9.5883995e+00  -8.2262037e+00  -2.6972959e+00   1.4326736e+03   5.9436490e+01  -2.0138182e+02
   1.1064229e+01  -8.2378040e+00  -2.3053399e+00   1.4505358e+03   6.3067042e+01  -2.0289695e+02
   1.2478936e+01  -8.2835713e+00  -1.8612352e+00   1.4677976e+03   6.6818857e+01  -2.0447377e+02
   1.3823208e+01  -8.3622307e+00  -1.3824507e+00   1.4844244e+03   7.0629124e+01  -2.0608195e+02
   1.5086989e+01  -8.4700205e+00  -8.8816275e-01   1.5003872e+03   7.4429038e+01  -2.0768992e+02
   1.6259603e+01  -8.6007781e+00  -3.9790608e-01   1.5156630e+03   7.8145109e+01  -2.0926700e+02
   1.7330350e+01  -8.7463314e+00   6.9824112e-02   1.5302352e+03   8.1700659e+01  -2.1078540e+02
   1.8288679e+01  -8.8971880e+00   4.9884751e-01   1.5440941e+03   8.5017869e+01  -2.1222203e+02
   1.9124188e+01  -9.0433302e+00   8.7633865e-01   1.5572370e+03   8.8020281e+01  -2.1355989e+02
   1.9827173e+01  -9.1752541e+00   1.1934321e+00   1.5696678e+03   9.0635424e+01  -2.1478890e+02
   2.0388803e+01  -9.2847266e+00   1.4454683e+00   1.5813966e+03   9.2797919e+01  -2.1590612e+02
   2.0801720e+01  -9.3654778e+00   1.6318280e+00   1.5924391e+03   9.4452577e+01  -2.1691537e+02
   2.1060447e+01  -9.4135390e+00   1.7554360e+00   1.6028157e+03   9.5557613e+01  -2.1782626e+02
   2.1162454e+01  -9.4273558e+00   1.8220416e+00   1.6125501e+03   9.6087449e+01  -2.1865273e+02
   2.1108166e+01  -9.4075233e+00   1.8394281e+00   1.6216684e+03   9.6035427e+01  -2.1941138e+02
   2.0902364e+01  -9.3564977e+00   1.8165556e+00   1.6301967e+03   9.5415413e+01  -2.2011950e+02
   2.0554334e+01  -9.2780788e+00   1.7628290e+00   1.6381598e+03   9.4262718e+01  -2.2079329e+02
   2.0078445e+01  -9.1769837e+00   1.6874222e+00   1.6455793e+03   9.2633818e+01  -2.2144616e+02
   1.9494019e+01  -9.0584690e+00   1.5987816e+00   1.6524715e+03   9.0604648e+01  -2.2208747e+02
   1.8824955e+01  -8.9280269e+00   1.5042628e+00   1.6588461e+03   8.8267632e+01  -2.2272164e+02
   1.8099177e+01  -8.7911919e+00   1.4099188e+00   1.6647056e+03   8.5727158e+01  -2.2334792e+02
   1.7347044e+01  -8.6533468e+00   1.3204287e+00   1.6700454e+03   8.3094061e+01  -2.2396066e+02
   1.6599397e+01  -8.5195808e+00   1.2391395e+00   1.6748547e+03   8.0479185e+01  -2.2455027e+02
   1.5885988e+01  -8.3944564e+00   1.1681693e+00   1.6791189e+03   7.7986385e+01  -2.2510452e+02
