   2.3683171e+01   4.6482343e+00  -1.7035258e+01   3.1884170e+02   8.8847243e+01  -1.8212314e+02
   2.2229270e+01   4.2921982e+00  -1.6636455e+01   3.2216015e+02   8.4029705e+01  -1.8333152e+02
   2.0747409e+01   3.9554404e+00  -1.6240337e+01   3.2539096e+02   7.9262900e+01  -1.8451949e+02
   1.9251301e+01   3.6373461e+00  -1.5851720e+01   3.2850374e+02   7.4582480e+01  -1.8566219e+02
   1.7751804e+01   3.3382078e+00  -1.5475977e+01   3.3146976e+02   7.0018161e+01  -1.8673352e+02
   1.6257338e+01   3.0592991e+00  -1.5119322e+01   3.3426225e+02   6.5594423e+01  -1.8770698e+02
   1.4774215e+01   2.8026632e+00  -1.4788872e+01   3.3685723e+02   6.1331248e+01  -1.8855688e+02
   1.3307281e+01   2.5706664e+00  -1.4492427e+01   3.3923491e+02   5.7244765e+01  -1.8926001e+02
   1.1860452e+01   2.3654778e+00  -1.4237927e+01   3.4138107e+02   5.3347895e+01  -1.8979741e+02
   1.0437082e+01   2.1885820e+00  -1.4032683e+01   3.4328839e+02   4.9651076e+01  -1.9015632e+02
   9.0402919e+00   2.0404115e+00  -1.3882471e+01   3.4495714e+02   4.6163015e+01  -1.9033180e+02
   7.6731931e+00   1.9201521e+00  -1.3790661e+01   3.4639529e+02   4.2891423e+01  -1.9032785e+02
   6.3391064e+00   1.8257336e+00  -1.3757529e+01   3.4761771e+02   3.9843597e+01  -1.9015780e+02
   5.0416401e+00   1.7539809e+00  -1.3779909e+01   3.4864490e+02   3.7026752e+01  -1.8984380e+02
   3.7847679e+00   1.7009064e+00  -1.3851249e+01   3.4950120e+02   3.4447997e+01  -1.8941538e+02
   2.5727863e+00   1.6620633e+00  -1.3962107e+01   3.5021276e+02   3.2113900e+01  -1.8890722e+02
   1.4101686e+00   1.6329300e+00  -1.4101008e+01   3.5080568e+02   3.0029709e+01  -1.8835634e+02
   3.0132978e-01   1.6092534e+00  -1.4255557e+01   3.5130434e+02   2.8198320e+01  -1.8779916e+02
  -7.4975949e-01   1.5873300e+00  -1.4413612e+01   3.5173010e+02   2.6619204e+01  -1.8726866e+02
  -1.7398736e+00   1.5641865e+00  -1.4564366e+01   3.5210056e+02   2.5287475e+01  -1.8679212e+02
  -2.6668423e+00   1.5376711e+00  -1.4699161e+01   3.5242933e+02   2.4193309e+01  -1.8638961e+02
  -3.5296386e+00   1.5064539e+00  -1.4811977e+01   3.5272615e+02   2.3321804e+01  -1.8607335e+02
  -4.3284134e+00   1.4699823e+00  -1.4899555e+01   3.5299741e+02   2.2653331e+01  -1.8584784e+02
  -5.0643414e+00   1.4283782e+00  -1.4961229e+01   3.5324685e+02   2.2164336e+01  -1.8571069e+02
  -5.7394092e+00   1.3823239e+00  -1.4998519e+01   3.5347627e+02   2.1828465e+01  -1.8565383e+02
  -6.3561846e+00   1.3329294e+00  -1.5014608e+01   3.5368627e+02   2.1617912e+01  -1.8566506e+02
  -6.9175692e+00   1.2815838e+00  -1.5013754e+01   3.5387682e+02   2.1504839e+01  -1.8572958e+02
  -7.4266306e+00   1.2298095e+00  -1.5000724e+01   3.5404777e+02   2.1462714e+01  -1.8583154e+02
  -7.8864703e+00   1.1791170e+00  -1.4980285e+01   3.5419909e+02   2.1467488e+01  -1.8595540e+02
  -8.3001413e+00   1.1308824e+00  -1.4956799e+01   3.5433108e+02   2.1498476e+01  -1.8608706e+02
  -8.6706193e+00   1.0862570e+00  -1.4933923e+01   3.5444445e+02   2.1538941e+01  -1.8621467e+02
  -9.0008043e+00   1.0461100e+00  -1.4914442e+01   3.5454028e+02   2.1576330e+01  -1.8632918e+02
  -9.2935236e+00   1.0110293e+00  -1.4900193e+01   3.5462000e+02   2.1602194e+01  -1.8642449e+02
  -9.5515670e+00   9.8134901e-01  -1.4892101e+01   3.5468530e+02   2.1611829e+01  -1.8649738e+02
  -9.7777063e+00   9.5720762e-01  -1.4890272e+01   3.5473805e+02   2.1603721e+01  -1.8654724e+02
  -9.9747220e+00   9.3860968e-01  -1.4894152e+01   3.5478022e+02   2.1578848e+01  -1.8657554e+02
  -1.0145409e+01   9.2548456e-01  -1.4902709e+01   3.5481380e+02   2.1539933e+01  -1.8658526e+02
  -1.0292559e+01   9.1771973e-01  -1.4914633e+01   3.5484072e+02   2.1490723e+01  -1.8658029e+02
  -1.0418933e+01   9.1516581e-01  -1.4928527e+01   3.5486275e+02   2.1435334e+01  -1.8656486e+02
  -1.0527204e+01   9.1761938e-01  -1.4943077e+01   3.5488146e+02   2.1377728e+01  -1.8654299e+02
  -1.0619894e+01   9.2478730e-01  -1.4957198e+01   3.5489812e+02   2.1321327e+01  -1.8651812e+02
  -1.0699306e+01   9.3624077e-01  -1.4970122e+01   3.5491367e+02   2.1268772e+01  -1.8649283e+02
  -1.0767470e+01   9.5139196e-01  -1.4981461e+01   3.5492873e+02   2.1221830e+01  -1.8646877e+02
  -1.0826075e+01   9.6947573e-01  -1.4991201e+01   3.5494359e+02   2.1181398e+01  -1.8644661e+02
  -1.0876463e+01   9.8955841e-01  -1.4999670e+01   3.5495826e+02   2.1147614e+01  -1.8642628e+02
  -1.0919619e+01   1.0105591e+00  -1.5007461e+01   3.5497262e+02   2.1120003e+01  -1.8640707e+02
  -1.0956193e+01   1.0312963e+00  -1.5015338e+01   3.5498644e+02   2.1097662e+01  -1.8638803e+02
  -1.0986565e+01   1.0505401e+00  -1.5024139e+01   3.5499954e+02   2.1079428e+01  -1.8636812e+02
  -1.1010914e+01   1.0670715e+00  -1.5034684e+01   3.5501192e+02   2.1064033e+01  -1.8634653e+02
  -1.1029293e+01   1.0797406e+00  -1.5047710e+01   3.5502375e+02   2.1050218e+01  -1.8632279e+02
  -1.1041721e+01   1.0875206e+00  -1.5063827e+01   3.5503551e+02   2.1036819e+01  -1.8629689e+02
  -1.1048245e+01   1.0895442e+00  -1.5083517e+01   3.5504791e+02   2.1022811e+01  -1.8626927e+02
  -1.1048995e+01   1.0851235e+00  -1.5107152e+01   3.5506191e+02   2.1007342e+01  -1.8624073e+02
  -1.1044201e+01   1.0737477e+00  -1.5135034e+01   3.5507863e+02   2.0989750e+01  -1.8621234e+02
  -1.1034202e+01   1.0550579e+00  -1.5167453e+01   3.5509927e+02   2.0969582e+01  -1.8618525e+02
  -1.1019407e+01   1.0287982e+00  -1.5204748e+01   3.5512499e+02   2.0946616e+01  -1.8616055e+02
  -1.1000262e+01   9.9477387e-01  -1.5247352e+01   3.5515686e+02   2.0920874e+01  -1.8613918e+02
  -1.0977187e+01   9.5282145e-01  -1.5295835e+01   3.5519574e+02   2.0892632e+01  -1.8612187e+02
  -1.0950546e+01   9.0279685e-01  -1.5350918e+01   3.5524225e+02   2.0862408e+01  -1.8610912e+02
  -1.0920603e+01   8.4459907e-01  -1.5413476e+01   3.5529673e+02   2.0830913e+01  -1.8610131e+02
  -1.0887546e+01   7.7822218e-01  -1.5484514e+01   3.5535926e+02   2.0798984e+01  -1.8609880e+02
  -1.0851501e+01   7.0384713e-01  -1.5565121e+01   3.5542965e+02   2.0767476e+01  -1.8610204e+02
  -1.0812625e+01   6.2191793e-01  -1.5656426e+01   3.5550747e+02   2.0737144e+01  -1.8611172e+02
  -1.0771142e+01   5.3320608e-01  -1.5759536e+01   3.5559211e+02   2.0708513e+01  -1.8612887e+02
  -1.0727429e+01   4.3885058e-01  -1.5875477e+01   3.5568273e+02   2.0681787e+01  -1.8615483e+02
  -1.0682086e+01   3.4031603e-01  -1.6005146e+01   3.5577834e+02   2.0656792e+01  -1.8619126e+02
  -1.0635996e+01   2.3929871e-01  -1.6149263e+01   3.5587775e+02   2.0632991e+01  -1.8623996e+02
  -1.0590384e+01   1.3757448e-01  -1.6308335e+01   3.5597959e+02   2.0609570e+01  -1.8630275e+02
  -1.0546851e+01   3.6810774e-02  -1.6482614e+01   3.5608231e+02   2.0585580e+01  -1.8638121e+02
  -1.0507366e+01  -6.1616212e-02  -1.6672058e+01   3.5618419e+02   2.0560107e+01  -1.8647651e+02
  -1.0474204e+01  -1.5679145e-01  -1.6876279e+01   3.5628336e+02   2.0532444e+01  -1.8658923e+02
  -1.0449818e+01  -2.4836473e-01  -1.7094486e+01   3.5637795e+02   2.0502215e+01  -1.8671925e+02
  -1.0436697e+01  -3.3661896e-01  -1.7325423e+01   3.5646608e+02   2.0469457e+01  -1.8686570e+02
  -1.0437195e+01  -4.2243412e-01  -1.7567298e+01   3.5654608e+02   2.0434622e+01  -1.8702698e+02
  -1.0453380e+01  -5.0719913e-01  -1.7817732e+01   3.5661660e+02   2.0398519e+01  -1.8720088e+02
  -1.0486866e+01  -5.9266530e-01  -1.8073733e+01   3.5667670e+02   2.0362192e+01  -1.8738466e+02
  -1.0538726e+01  -6.8076702e-01  -1.8331697e+01   3.5672605e+02   2.0326774e+01  -1.8757525e+02
  -1.0609408e+01  -7.7342069e-01  -1.8587469e+01   3.5676491e+02   2.0293314e+01  -1.8776932e+02
  -1.0698686e+01  -8.7235455e-01  -1.8836434e+01   3.5679418e+02   2.0262615e+01  -1.8796345e+02
  -1.0805731e+01  -9.7895129e-01  -1.9073675e+01   3.5681536e+02   2.0235119e+01  -1.8815422e+02
  -1.0929159e+01  -1.0941509e+00  -1.9294148e+01   3.5683036e+02   2.0210824e+01  -1.8833822e+02
  -1.1067200e+01  -1.2183903e+00  -1.9492885e+01   3.5684141e+02   2.0189291e+01  -1.8851214e+02
  -1.1217892e+01  -1.3516120e+00  -1.9665207e+01   3.5685075e+02   2.0169712e+01  -1.8867276e+02
  -1.1379333e+01  -1.4932943e+00  -1.9806917e+01   3.5686049e+02   2.0151064e+01  -1.8881702e+02
  -1.1549901e+01  -1.6425362e+00  -1.9914481e+01   3.5687236e+02   2.0132307e+01  -1.8894207e+02
  -1.1728558e+01  -1.7981316e+00  -1.9985167e+01   3.5688761e+02   2.0112642e+01  -1.8904534e+02
  -1.1915031e+01  -1.9586631e+00  -2.0017141e+01   3.5690689e+02   2.0091750e+01  -1.8912469e+02
  -1.2109952e+01  -2.1225691e+00  -2.0009520e+01   3.5693035e+02   2.0070016e+01  -1.8917849e+02
  -1.2314920e+01  -2.2882233e+00  -1.9962382e+01   3.5695767e+02   2.0048676e+01  -1.8920574e+02
  -1.2532423e+01  -2.4539857e+00  -1.9876731e+01   3.5698830e+02   2.0029879e+01  -1.8920621e+02
  -1.2765679e+01  -2.6182578e+00  -1.9754433e+01   3.5702170e+02   2.0016625e+01  -1.8918050e+02
  -1.3018363e+01  -2.7795349e+00  -1.9598122e+01   3.5705762e+02   2.0012583e+01  -1.8913002e+02
  -1.3294271e+01  -2.9364647e+00  -1.9411092e+01   3.5709634e+02   2.0021785e+01  -1.8905695e+02
  -1.3596835e+01  -3.0879217e+00  -1.9197167e+01   3.5713890e+02   2.0048203e+01  -1.8896419e+02
  -1.3928666e+01  -3.2331002e+00  -1.8960568e+01   3.5718724e+02   2.0095240e+01  -1.8885516e+02
  -1.4291041e+01  -3.3716196e+00  -1.8705768e+01   3.5724411e+02   2.0165184e+01  -1.8873364e+02
  -1.4683351e+01  -3.5036638e+00  -1.8437335e+01   3.5731298e+02   2.0258673e+01  -1.8860357e+02
  -1.5102735e+01  -3.6301125e+00  -1.8159762e+01   3.5739773e+02   2.0374254e+01  -1.8846885e+02
  -1.5543873e+01  -3.7526111e+00  -1.7877290e+01   3.5750231e+02   2.0508120e+01  -1.8833321e+02
  -1.5999033e+01  -3.8736075e+00  -1.7593716e+01   3.5763025e+02   2.0654079e+01  -1.8820010e+02
  -1.6458412e+01  -3.9962823e+00  -1.7312210e+01   3.5778422e+02   2.0803810e+01  -1.8807269e+02
  -1.6910872e+01  -4.1243654e+00  -1.7035162e+01   3.5796560e+02   2.0947455e+01  -1.8795393e+02
  -1.7345022e+01  -4.2618812e+00  -1.6764061e+01   3.5817407e+02   2.1074552e+01  -1.8784663e+02
  -1.7750634e+01  -4.4127636e+00  -1.6499474e+01   3.5840738e+02   2.1175277e+01  -1.8775366e+02
  -1.8120469e+01  -4.5804509e+00  -1.6241102e+01   3.5866116e+02   2.1241975e+01  -1.8767800e+02
  -1.8452355e+01  -4.7674189e+00  -1.5987977e+01   3.5892911e+02   2.1270899e+01  -1.8762293e+02
  -1.8751612e+01  -4.9747407e+00  -1.5738807e+01   3.5920334e+02   2.1264056e+01  -1.8759200e+02
  -1.9033720e+01  -5.2017120e+00  -1.5492469e+01   3.5947523e+02   2.1231035e+01  -1.8758901e+02
  -1.9327142e+01  -5.4455863e+00  -1.5248684e+01   3.5973665e+02   2.1190623e+01  -1.8761786e+02
  -1.9675840e+01  -5.7016030e+00  -1.5008739e+01   3.5998178e+02   2.1172008e+01  -1.8768235e+02
  -2.0141119e+01  -5.9633058e+00  -1.4776262e+01   3.6020952e+02   2.1215291e+01  -1.8778579e+02
  -2.0801973e+01  -6.2233227e+00  -1.4557837e+01   3.6042633e+02   2.1371024e+01  -1.8793049e+02
  -2.1753026e+01  -6.4746006e+00  -1.4363273e+01   3.6064955e+02   2.1698504e+01  -1.8811715e+02
  -2.3099526e+01  -6.7119917e+00  -1.4205384e+01   3.6091076e+02   2.2262600e+01  -1.8834397e+02
  -2.4948654e+01  -6.9339711e+00  -1.4099063e+01   3.6125887e+02   2.3129034e+01  -1.8860570e+02
  -2.7397345e+01  -7.1441386e+00  -1.4059626e+01   3.6176223e+02   2.4358251e+01  -1.8889259e+02
  -3.0516953e+01  -7.3520574e+00  -1.4100499e+01   3.6250895e+02   2.5998306e+01  -1.8918951e+02
  -3.4336101e+01  -7.5729950e+00  -1.4230471e+01   3.6360463e+02   2.8077683e+01  -1.8947562e+02
  -3.8824038e+01  -7.8263527e+00  -1.4450889e+01   3.6516678e+02   3.0599382e+01  -1.8972478e+02
  -4.3878807e+01  -8.1327145e+00  -1.4753379e+01   3.6731641e+02   3.3537918e+01  -1.8990709e+02
  -4.9325924e+01  -8.5097926e+00  -1.5118956e+01   3.7016817e+02   3.6840548e+01  -1.8999159e+02
  -5.4932979e+01  -8.9681822e+00  -1.5519396e+01   3.7382178e+02   4.0432838e+01  -1.8994966e+02
  -6.0440937e+01  -9.5082310e+00  -1.5921189e+01   3.7835746e+02   4.4226974e+01  -1.8975823e+02
  -6.5604565e+01  -1.0119260e+01  -1.6291382e+01   3.8383601e+02   4.8130139e+01  -1.8940191e+02
  -7.0227763e+01  -1.0781701e+01  -1.6603030e+01   3.9030167e+02   5.2050834e+01  -1.8887331e+02
  -7.4181655e+01  -1.1471100e+01  -1.6838457e+01   3.9778480e+02   5.5902866e+01  -1.8817234e+02
  -7.7403597e+01  -1.2162506e+01  -1.6989614e+01   4.0630273e+02   5.9607970e+01  -1.8730500e+02
  -7.9883880e+01  -1.2833871e+01  -1.7056459e+01   4.1585890e+02   6.3098064e+01  -1.8628257e+02
  -8.1649329e+01  -1.3467955e+01  -1.7044776e+01   4.2644165e+02   6.6317309e+01  -1.8512121e+02
  -8.2749383e+01  -1.4052919e+01  -1.6964285e+01   4.3802348e+02   6.9223623e+01  -1.8384184e+02
  -8.3246342e+01  -1.4581919e+01  -1.6827356e+01   4.5056138e+02   7.1789266e+01  -1.8246990e+02
  -8.3208992e+01  -1.5052091e+01  -1.6648170e+01   4.6399809e+02   7.4000302e+01  -1.8103482e+02
  -8.2708520e+01  -1.5463213e+01  -1.6442057e+01   4.7826454e+02   7.5854997e+01  -1.7956900e+02
  -8.1815657e+01  -1.5816338e+01  -1.6224788e+01   4.9328307e+02   7.7361451e+01  -1.7810635e+02
  -8.0598289e+01  -1.6112635e+01  -1.6011699e+01   5.0897139e+02   7.8534860e+01  -1.7668039e+02
  -7.9119549e+01  -1.6352643e+01  -1.5816710e+01   5.2524687e+02   7.9394845e+01  -1.7532231e+02
  -7.7436210e+01  -1.6536005e+01  -1.5651391e+01   5.4203062e+02   7.9963187e+01  -1.7405923e+02
  -7.5597538e+01  -1.6661685e+01  -1.5524232e+01   5.5925089e+02   8.0262156e+01  -1.7291278e+02
  -7.3644775e+01  -1.6728491e+01  -1.5440293e+01   5.7684543e+02   8.0313435e+01  -1.7189826e+02
  -7.1611147e+01  -1.6735735e+01  -1.5401287e+01   5.9476255e+02   8.0137529e+01  -1.7102447e+02
  -6.9522500e+01  -1.6683865e+01  -1.5405988e+01   6.1296095e+02   7.9753493e+01  -1.7029390e+02
  -6.7398307e+01  -1.6574868e+01  -1.5450978e+01   6.3140860e+02   7.9178790e+01  -1.6970346e+02
  -6.5252851e+01  -1.6412488e+01  -1.5531459e+01   6.5008098e+02   7.8429224e+01  -1.6924533e+02
  -6.3096427e+01  -1.6202121e+01  -1.5642085e+01   6.6895910e+02   7.7518844e+01  -1.6890808e+02
  -6.0936273e+01  -1.5950544e+01  -1.5777665e+01   6.8802759e+02   7.6459859e+01  -1.6867774e+02
  -5.8777313e+01  -1.5665449e+01  -1.5933698e+01   7.0727311e+02   7.5262565e+01  -1.6853887e+02
  -5.6622525e+01  -1.5354898e+01  -1.6106667e+01   7.2668340e+02   7.3935372e+01  -1.6847554e+02
  -5.4473196e+01  -1.5026753e+01  -1.6294153e+01   7.4624674e+02   7.2484935e+01  -1.6847219e+02
  -5.2329076e+01  -1.4688094e+01  -1.6494764e+01   7.6595204e+02   7.0916483e+01  -1.6851442e+02
  -5.0188555e+01  -1.4344754e+01  -1.6707939e+01   7.8578930e+02   6.9234338e+01  -1.6858944e+02
  -4.8048848e+01  -1.4000915e+01  -1.6933662e+01   8.0575018e+02   6.7442611e+01  -1.6868659e+02
  -4.5906375e+01  -1.3658869e+01  -1.7172188e+01   8.2582863e+02   6.5546039e+01  -1.6879753e+02
  -4.3757157e+01  -1.3318903e+01  -1.7423759e+01   8.4602130e+02   6.3550845e+01  -1.6891626e+02
  -4.1597276e+01  -1.2979378e+01  -1.7688391e+01   8.6632760e+02   6.1465559e+01  -1.6903900e+02
  -3.9423241e+01  -1.2636886e+01  -1.7965745e+01   8.8674944e+02   5.9301657e+01  -1.6916394e+02
  -3.7232502e+01  -1.2286650e+01  -1.8255016e+01   9.0729059e+02   5.7074040e+01  -1.6929074e+02
  -3.5023629e+01  -1.1922876e+01  -1.8555005e+01   9.2795585e+02   5.4801202e+01  -1.6942010e+02
  -3.2796493e+01  -1.1539232e+01  -1.8864137e+01   9.4874997e+02   5.2505203e+01  -1.6955320e+02
  -3.0552259e+01  -1.1129311e+01  -1.9180581e+01   9.6967666e+02   5.0211381e+01  -1.6969123e+02
  -2.8293401e+01  -1.0687032e+01  -1.9502351e+01   9.9073763e+02   4.7947897e+01  -1.6983505e+02
  -2.6023460e+01  -1.0207046e+01  -1.9827341e+01   1.0119318e+03   4.5745140e+01  -1.6998491e+02
  -2.3746695e+01  -9.6850429e+00  -2.0153343e+01   1.0332547e+03   4.3635020e+01  -1.7014047e+02
  -2.1468184e+01  -9.1179591e+00  -2.0478011e+01   1.0546982e+03   4.1650317e+01  -1.7030093e+02
  -1.9192959e+01  -8.5042630e+00  -2.0798666e+01   1.0762505e+03   3.9823926e+01  -1.7046544e+02
  -1.6926453e+01  -7.8439489e+00  -2.1112209e+01   1.0978959e+03   3.8188277e+01  -1.7063357e+02
  -1.4673777e+01  -7.1386073e+00  -2.1414883e+01   1.1196153e+03   3.6774711e+01  -1.7080605e+02
  -1.2439810e+01  -6.3913857e+00  -2.1702072e+01   1.1413862e+03   3.5612967e+01  -1.7098539e+02
  -1.0229099e+01  -5.6067677e+00  -2.1968176e+01   1.1631832e+03   3.4730692e+01  -1.7117651e+02
  -8.0460104e+00  -4.7903879e+00  -2.2206493e+01   1.1849779e+03   3.4153013e+01  -1.7138722e+02
  -5.8943123e+00  -3.9488647e+00  -2.2409135e+01   1.2067396e+03   3.3902038e+01  -1.7162837e+02
  -3.7776843e+00  -3.0895307e+00  -2.2567150e+01   1.2284350e+03   3.3996475e+01  -1.7191372e+02
  -1.6995880e+00  -2.2203113e+00  -2.2670693e+01   1.2500289e+03   3.4451170e+01  -1.7225940e+02
   3.3651330e-01  -1.3496611e+00  -2.2709411e+01   1.2714837e+03   3.5276673e+01  -1.7268296e+02
   2.3269875e+00  -4.8644808e-01  -2.2672931e+01   1.2927599e+03   3.6478748e+01  -1.7320224e+02
   4.2679408e+00   3.6008504e-01  -2.2551580e+01   1.3138161e+03   3.8057894e+01  -1.7383385e+02
   6.1551211e+00   1.1803908e+00  -2.2337180e+01   1.3346088e+03   4.0008824e+01  -1.7459170e+02
   7.9836223e+00   1.9648376e+00  -2.2023946e+01   1.3550929e+03   4.2319966e+01  -1.7548548e+02
   9.7480547e+00   2.7040076e+00  -2.1609317e+01   1.3752218e+03   4.4972934e+01  -1.7651940e+02
   1.1442638e+01   3.3891076e+00  -2.1094703e+01   1.3949476e+03   4.7942021e+01  -1.7769130e+02
   1.3061167e+01   4.0124873e+00  -2.0486004e+01   1.4142216e+03   5.1193819e+01  -1.7899210e+02
   1.4597463e+01   4.5681952e+00  -1.9793802e+01   1.4329955e+03   5.4686903e+01  -1.8040595e+02
   1.6045471e+01   5.0524021e+00  -1.9033207e+01   1.4512216e+03   5.8371729e+01  -1.8191080e+02
   1.7399700e+01   5.4638915e+00  -1.8223292e+01   1.4688549e+03   6.2190781e+01  -1.8347963e+02
   1.8655326e+01   5.8041951e+00  -1.7386152e+01   1.4858535e+03   6.6079077e+01  -1.8508201e+02
   1.9808367e+01   6.0775927e+00  -1.6545634e+01   1.5021804e+03   6.9965040e+01  -1.8668620e+02
   2.0855353e+01   6.2908488e+00  -1.5725920e+01   1.5178046e+03   7.3771883e+01  -1.8826117e+02
   2.1793426e+01   6.4526400e+00  -1.4950004e+01   1.5327019e+03   7.7419359e+01  -1.8977877e+02
   2.2619902e+01   6.5727866e+00  -1.4238356e+01   1.5468559e+03   8.0826001e+01  -1.9121559e+02
   2.3331670e+01   6.6614954e+00  -1.3607795e+01   1.5602584e+03   8.3911831e+01  -1.9255436e+02
   2.3925268e+01   6.7283654e+00  -1.3070776e+01   1.5729092e+03   8.6601256e+01  -1.9378483e+02
   2.4396623e+01   6.7817450e+00  -1.2635031e+01   1.5848160e+03   8.8826286e+01  -1.9490396e+02
   2.4741432e+01   6.8281680e+00  -1.2303605e+01   1.5959938e+03   9.0529776e+01  -1.9591554e+02
   2.4955463e+01   6.8721017e+00  -1.2075199e+01   1.6064635e+03   9.1668638e+01  -1.9682913e+02
   2.5035738e+01   6.9158987e+00  -1.1944745e+01   1.6162513e+03   9.2216681e+01  -1.9765865e+02
   2.4980691e+01   6.9601592e+00  -1.1904065e+01   1.6253861e+03   9.2167186e+01  -1.9842055e+02
   2.4791944e+01   7.0040648e+00  -1.1942610e+01   1.6338986e+03   9.1534523e+01  -1.9913200e+02
   2.4474829e+01   7.0459781e+00  -1.2048131e+01   1.6418183e+03   9.0354971e+01  -1.9980899e+02
   2.4039352e+01   7.0839532e+00  -1.2207374e+01   1.6491720e+03   8.8686377e+01  -2.0046472e+02
   2.3500515e+01   7.1161875e+00  -1.2406654e+01   1.6559812e+03   8.6606468e+01  -2.0110835e+02
   2.2878261e+01   7.1413751e+00  -1.2632426e+01   1.6622612e+03   8.4209813e+01  -2.0174416e+02
   2.2197245e+01   7.1588535e+00  -1.2871783e+01   1.6680195e+03   8.1603316e+01  -2.0237130e+02
   2.1485411e+01   7.1686877e+00  -1.3112896e+01   1.6732564e+03   7.8900606e+01  -2.0298415e+02
   2.0772107e+01   7.1715998e+00  -1.3345396e+01   1.6779652e+03   7.6215484e+01  -2.0357318e+02
   2.0086482e+01   7.1688282e+00  -1.3560716e+01   1.6821354e+03   7.3654751e+01  -2.0412633e+02
