   2.8733426e+01   2.2865206e+01  -6.3589367e+00   3.1343597e+02   8.3260021e+01  -1.7198359e+02
   2.7347156e+01   2.2728870e+01  -6.4592129e+00   3.1665954e+02   7.8624255e+01  -1.7312301e+02
   2.5920105e+01   2.2597675e+01  -6.5649889e+00   3.1979908e+02   7.4029498e+01  -1.7424406e+02
   2.4467042e+01   2.2475017e+01  -6.6820915e+00   3.2282430e+02   6.9510783e+01  -1.7532362e+02
   2.3000532e+01   2.2364549e+01  -6.8169956e+00   3.2570622e+02   6.5097369e+01  -1.7633732e+02
   2.1531400e+01   2.2269883e+01  -6.9765020e+00   3.2841748e+02   6.0813444e+01  -1.7726028e+02
   2.0069039e+01   2.2194213e+01  -7.1673326e+00   3.3093316e+02   5.6678892e+01  -1.7806822e+02
   1.8621970e+01   2.2139892e+01  -7.3956188e+00   3.3323224e+02   5.2710025e+01  -1.7873903e+02
   1.7198177e+01   2.2108054e+01  -7.6662523e+00   3.3529916e+02   4.8920321e+01  -1.7925445e+02
   1.5805161e+01   2.2098347e+01  -7.9821382e+00   3.3712524e+02   4.5321211e+01  -1.7960191e+02
   1.4449875e+01   2.2108832e+01  -8.3434574e+00   3.3870969e+02   4.1922828e+01  -1.7977606e+02
   1.3138513e+01   2.2136059e+01  -8.7470676e+00   3.4005982e+02   3.8734699e+01  -1.7977983e+02
   1.1876352e+01   2.2175336e+01  -9.1862011e+00   3.4119053e+02   3.5766195e+01  -1.7962490e+02
   1.0667547e+01   2.2221115e+01  -9.6505822e+00   3.4212302e+02   3.3026684e+01  -1.7933123e+02
   9.5151015e+00   2.2267482e+01  -1.0127003e+01   3.4288302e+02   3.0525300e+01  -1.7892579e+02
   8.4208889e+00   2.2308657e+01  -1.0600340e+01   3.4349869e+02   2.8270293e+01  -1.7844056e+02
   7.3857540e+00   2.2339472e+01  -1.1054881e+01   3.4399844e+02   2.6268068e+01  -1.7790997e+02
   6.4096597e+00   2.2355759e+01  -1.1475781e+01   3.4440897e+02   2.4522022e+01  -1.7736816e+02
   5.4917592e+00   2.2354628e+01  -1.1850419e+01   3.4475379e+02   2.3031428e+01  -1.7684646e+02
   4.6305640e+00   2.2334602e+01  -1.2169465e+01   3.4505217e+02   2.1790539e+01  -1.7637115e+02
   3.8240456e+00   2.2295610e+01  -1.2427513e+01   3.4531874e+02   2.0788122e+01  -1.7596211e+02
   3.0698623e+00   2.2238864e+01  -1.2623224e+01   3.4556361e+02   2.0007503e+01  -1.7563203e+02
   2.3655147e+00   2.2166639e+01  -1.2759031e+01   3.4579290e+02   1.9427124e+01  -1.7538645e+02
   1.7085691e+00   2.2082001e+01  -1.2840511e+01   3.4600956e+02   1.9021556e+01  -1.7522443e+02
   1.0968290e+00   2.1988516e+01  -1.2875550e+01   3.4621420e+02   1.8762804e+01  -1.7513957e+02
   5.2844479e-01   2.1889960e+01  -1.2873446e+01   3.4640604e+02   1.8621804e+01  -1.7512132e+02
   1.9796315e-03   2.1790045e+01  -1.2844031e+01   3.4658357e+02   1.8569911e+01  -1.7515642e+02
  -4.8363723e-01   2.1692185e+01  -1.2796903e+01   3.4674518e+02   1.8580282e+01  -1.7523033e+02
  -9.2920200e-01   2.1599302e+01  -1.2740793e+01   3.4688958e+02   1.8629021e+01  -1.7532849e+02
  -1.3353701e+00   2.1513700e+01  -1.2683119e+01   3.4701596e+02   1.8696002e+01  -1.7543750e+02
  -1.7028166e+00   2.1437000e+01  -1.2629709e+01   3.4712418e+02   1.8765355e+01  -1.7554588e+02
  -2.0323961e+00   2.1370140e+01  -1.2584695e+01   3.4721470e+02   1.8825583e+01  -1.7564465e+02
  -2.3252535e+00   2.1313441e+01  -1.2550538e+01   3.4728856e+02   1.8869370e+01  -1.7572757e+02
  -2.5829261e+00   2.1266723e+01  -1.2528183e+01   3.4734728e+02   1.8893115e+01  -1.7579114e+02
  -2.8073813e+00   2.1229441e+01  -1.2517291e+01   3.4739269e+02   1.8896286e+01  -1.7583430e+02
  -3.0010232e+00   2.1200828e+01  -1.2516526e+01   3.4742688e+02   1.8880656e+01  -1.7585802e+02
  -3.1666409e+00   2.1180017e+01  -1.2523872e+01   3.4745200e+02   1.8849536e+01  -1.7586480e+02
  -3.3073083e+00   2.1166139e+01  -1.2536951e+01   3.4747019e+02   1.8807041e+01  -1.7585807e+02
  -3.4262636e+00   2.1158373e+01  -1.2553320e+01   3.4748341e+02   1.8757469e+01  -1.7584162e+02
  -3.5267488e+00   2.1155963e+01  -1.2570728e+01   3.4749339e+02   1.8704812e+01  -1.7581916e+02
  -3.6118546e+00   2.1158200e+01  -1.2587320e+01   3.4750153e+02   1.8652428e+01  -1.7579389e+02
  -3.6843699e+00   2.1164392e+01  -1.2601779e+01   3.4750883e+02   1.8602858e+01  -1.7576824e+02
  -3.7466657e+00   2.1173831e+01  -1.2613393e+01   3.4751589e+02   1.8557780e+01  -1.7574377e+02
  -3.8005873e+00   2.1185765e+01  -1.2622063e+01   3.4752296e+02   1.8518071e+01  -1.7572120e+02
  -3.8474310e+00   2.1199383e+01  -1.2628236e+01   3.4752999e+02   1.8483942e+01  -1.7570045e+02
  -3.8879436e+00   2.1213808e+01  -1.2632810e+01   3.4753676e+02   1.8455111e+01  -1.7568094e+02
  -3.9223706e+00   2.1228118e+01  -1.2636983e+01   3.4754299e+02   1.8430988e+01  -1.7566178e+02
  -3.9505618e+00   2.1241357e+01  -1.2642117e+01   3.4754846e+02   1.8410834e+01  -1.7564202e+02
  -3.9720944e+00   2.1252577e+01  -1.2649593e+01   3.4755315e+02   1.8393888e+01  -1.7562088e+02
  -3.9864008e+00   2.1260863e+01  -1.2660697e+01   3.4755726e+02   1.8379444e+01  -1.7559794e+02
  -3.9929088e+00   2.1265371e+01  -1.2676539e+01   3.4756129e+02   1.8366890e+01  -1.7557317e+02
  -3.9911587e+00   2.1265358e+01  -1.2698015e+01   3.4756599e+02   1.8355703e+01  -1.7554697e+02
  -3.9808803e+00   2.1260195e+01  -1.2725804e+01   3.4757230e+02   1.8345440e+01  -1.7552013e+02
  -3.9620445e+00   2.1249375e+01  -1.2760398e+01   3.4758127e+02   1.8335708e+01  -1.7549366e+02
  -3.9348752e+00   2.1232507e+01  -1.2802165e+01   3.4759395e+02   1.8326158e+01  -1.7546870e+02
  -3.8998125e+00   2.1209289e+01  -1.2851421e+01   3.4761128e+02   1.8316488e+01  -1.7544640e+02
  -3.8574595e+00   2.1179503e+01  -1.2908508e+01   3.4763399e+02   1.8306459e+01  -1.7542777e+02
  -3.8084902e+00   2.1143009e+01  -1.2973869e+01   3.4766255e+02   1.8295915e+01  -1.7541370e+02
  -3.7535714e+00   2.1099765e+01  -1.3048103e+01   3.4769714e+02   1.8284811e+01  -1.7540494e+02
  -3.6932697e+00   2.1049863e+01  -1.3132001e+01   3.4773768e+02   1.8273206e+01  -1.7540214e+02
  -3.6280135e+00   2.0993582e+01  -1.3226544e+01   3.4778381e+02   1.8261252e+01  -1.7540602e+02
  -3.5580457e+00   2.0931456e+01  -1.3332877e+01   3.4783502e+02   1.8249155e+01  -1.7541742e+02
  -3.4834715e+00   2.0864322e+01  -1.3452261e+01   3.4789063e+02   1.8237117e+01  -1.7543740e+02
  -3.4042425e+00   2.0793338e+01  -1.3586001e+01   3.4794987e+02   1.8225278e+01  -1.7546733e+02
  -3.3202234e+00   2.0719970e+01  -1.3735364e+01   3.4801192e+02   1.8213677e+01  -1.7550885e+02
  -3.2312659e+00   2.0645910e+01  -1.3901506e+01   3.4807587e+02   1.8202227e+01  -1.7556381e+02
  -3.1372986e+00   2.0572951e+01  -1.4085397e+01   3.4814073e+02   1.8190749e+01  -1.7563413e+02
  -3.0384700e+00   2.0502817e+01  -1.4287765e+01   3.4820540e+02   1.8179027e+01  -1.7572158e+02
  -2.9352728e+00   2.0436987e+01  -1.4509045e+01   3.4826861e+02   1.8166888e+01  -1.7582765e+02
  -2.8286722e+00   2.0376533e+01  -1.4749344e+01   3.4832894e+02   1.8154294e+01  -1.7595330e+02
  -2.7201761e+00   2.0321998e+01  -1.5008413e+01   3.4838478e+02   1.8141401e+01  -1.7609883e+02
  -2.6118228e+00   2.0273325e+01  -1.5285612e+01   3.4843444e+02   1.8128594e+01  -1.7626380e+02
  -2.5061501e+00   2.0229844e+01  -1.5579897e+01   3.4847622e+02   1.8116471e+01  -1.7644701e+02
  -2.4060736e+00   2.0190331e+01  -1.5889778e+01   3.4850856e+02   1.8105801e+01  -1.7664651e+02
  -2.3147576e+00   2.0153108e+01  -1.6213308e+01   3.4853018e+02   1.8097441e+01  -1.7685975e+02
  -2.2354117e+00   2.0116187e+01  -1.6548063e+01   3.4854030e+02   1.8092237e+01  -1.7708365e+02
  -2.1711354e+00   2.0077431e+01  -1.6891166e+01   3.4853873e+02   1.8090915e+01  -1.7731475e+02
  -2.1247247e+00   2.0034721e+01  -1.7239329e+01   3.4852599e+02   1.8093983e+01  -1.7754940e+02
  -2.0984985e+00   1.9986098e+01  -1.7588939e+01   3.4850333e+02   1.8101646e+01  -1.7778377e+02
  -2.0942315e+00   1.9929889e+01  -1.7936184e+01   3.4847269e+02   1.8113765e+01  -1.7801400e+02
  -2.1130683e+00   1.9864783e+01  -1.8277206e+01   3.4843654e+02   1.8129846e+01  -1.7823625e+02
  -2.1555737e+00   1.9789888e+01  -1.8608267e+01   3.4839770e+02   1.8149091e+01  -1.7844671e+02
  -2.2218279e+00   1.9704722e+01  -1.8925933e+01   3.4835911e+02   1.8170498e+01  -1.7864167e+02
  -2.3116083e+00   1.9609202e+01  -1.9227239e+01   3.4832356e+02   1.8193013e+01  -1.7881761e+02
  -2.4245667e+00   1.9503581e+01  -1.9509833e+01   3.4829345e+02   1.8215723e+01  -1.7897124e+02
  -2.5605177e+00   1.9388398e+01  -1.9772087e+01   3.4827063e+02   1.8238071e+01  -1.7909962e+02
  -2.7196203e+00   1.9264405e+01  -2.0013160e+01   3.4825630e+02   1.8260072e+01  -1.7920035e+02
  -2.9025386e+00   1.9132510e+01  -2.0233010e+01   3.4825099e+02   1.8282485e+01  -1.7927163e+02
  -3.1105372e+00   1.8993711e+01  -2.0432385e+01   3.4825466e+02   1.8306940e+01  -1.7931246e+02
  -3.3454401e+00   1.8849034e+01  -2.0612754e+01   3.4826688e+02   1.8335972e+01  -1.7932271e+02
  -3.6095088e+00   1.8699477e+01  -2.0776236e+01   3.4828709e+02   1.8372948e+01  -1.7930318e+02
  -3.9052159e+00   1.8545947e+01  -2.0925505e+01   3.4831487e+02   1.8421887e+01  -1.7925559e+02
  -4.2349426e+00   1.8389190e+01  -2.1063712e+01   3.4835021e+02   1.8487168e+01  -1.7918255e+02
  -4.6005295e+00   1.8229717e+01  -2.1194413e+01   3.4839376e+02   1.8573131e+01  -1.7908741e+02
  -5.0028449e+00   1.8067700e+01  -2.1321532e+01   3.4844699e+02   1.8683608e+01  -1.7897409e+02
  -5.4412932e+00   1.7902861e+01  -2.1449335e+01   3.4851219e+02   1.8821426e+01  -1.7884689e+02
  -5.9132859e+00   1.7734307e+01  -2.1582435e+01   3.4859244e+02   1.8987932e+01  -1.7871028e+02
  -6.4139093e+00   1.7560357e+01  -2.1725783e+01   3.4869138e+02   1.9182612e+01  -1.7856865e+02
  -6.9357504e+00   1.7378392e+01  -2.1884632e+01   3.4881294e+02   1.9402873e+01  -1.7842621e+02
  -7.4690118e+00   1.7184710e+01  -2.2064463e+01   3.4896099e+02   1.9644052e+01  -1.7828680e+02
  -8.0019275e+00   1.6974454e+01  -2.2270863e+01   3.4913895e+02   1.9899668e+01  -1.7815391e+02
  -8.5216047e+00   1.6741618e+01  -2.2509343e+01   3.4934943e+02   2.0161966e+01  -1.7803068e+02
  -9.0152436e+00   1.6479123e+01  -2.2785133e+01   3.4959393e+02   2.0422746e+01  -1.7792000e+02
  -9.4716927e+00   1.6179004e+01  -2.3102963e+01   3.4987246e+02   2.0674443e+01  -1.7782463e+02
  -9.8834611e+00   1.5832655e+01  -2.3466852e+01   3.5018347e+02   2.0911424e+01  -1.7774733e+02
  -1.0248968e+01   1.5431165e+01  -2.3879936e+01   3.5052371e+02   2.1131458e+01  -1.7769102e+02
  -1.0575137e+01   1.4965701e+01  -2.4344363e+01   3.5088851e+02   2.1337238e+01  -1.7765877e+02
  -1.0880199e+01   1.4427946e+01  -2.4861256e+01   3.5127216e+02   2.1537908e+01  -1.7765393e+02
  -1.1196587e+01   1.3810576e+01  -2.5430805e+01   3.5166884e+02   2.1750409e+01  -1.7767999e+02
  -1.1573454e+01   1.3107635e+01  -2.6052397e+01   3.5207388e+02   2.2000538e+01  -1.7774052e+02
  -1.2078421e+01   1.2314850e+01  -2.6724846e+01   3.5248568e+02   2.2323489e+01  -1.7783893e+02
  -1.2797735e+01   1.1429698e+01  -2.7446587e+01   3.5290807e+02   2.2763673e+01  -1.7797809e+02
  -1.3833973e+01   1.0451219e+01  -2.8215779e+01   3.5335330e+02   2.3373567e+01  -1.7815982e+02
  -1.5300741e+01   9.3795939e+00  -2.9030189e+01   3.5384526e+02   2.4211358e+01  -1.7838414e+02
  -1.7313636e+01   8.2156268e+00  -2.9886776e+01   3.5442280e+02   2.5337229e+01  -1.7864836e+02
  -1.9977632e+01   6.9603359e+00  -3.0780952e+01   3.5514247e+02   2.6808242e+01  -1.7894605e+02
  -2.3371109e+01   5.6149397e+00  -3.1705602e+01   3.5607992e+02   2.8672050e+01  -1.7926598e+02
  -2.7527780e+01   4.1814654e+00  -3.2650028e+01   3.5732912e+02   3.0960070e+01  -1.7959146e+02
  -3.2418842e+01   2.6639589e+00  -3.3599042e+01   3.5899866e+02   3.3681227e+01  -1.7990018e+02
  -3.7939834e+01   1.0702532e+00  -3.4532472e+01   3.6120501e+02   3.6817775e+01  -1.8016494e+02
  -4.3908090e+01  -5.8582053e-01  -3.5425562e+01   3.6406388e+02   4.0324619e+01  -1.8035551e+02
  -5.0076661e+01  -2.2822143e+00  -3.6250746e+01   3.6768174e+02   4.4132712e+01  -1.8044136e+02
  -5.6165798e+01  -3.9871782e+00  -3.6980991e+01   3.7214985e+02   4.8155638e+01  -1.8039477e+02
  -6.1904715e+01  -5.6595525e+00  -3.7594234e+01   3.7754187e+02   5.2297369e+01  -1.8019347e+02
  -6.7069500e+01  -7.2518178e+00  -3.8077082e+01   3.8391408e+02   5.6459310e+01  -1.7982211e+02
  -7.1504480e+01  -8.7153428e+00  -3.8426315e+01   3.9130620e+02   6.0545927e+01  -1.7927271e+02
  -7.5124423e+01  -1.0006342e+01  -3.8647663e+01   3.9974146e+02   6.4469277e+01  -1.7854438e+02
  -7.7903571e+01  -1.1090696e+01  -3.8752859e+01   4.0922605e+02   6.8152844e+01  -1.7764311e+02
  -7.9860313e+01  -1.1946653e+01  -3.8756478e+01   4.1974863e+02   7.1534594e+01  -1.7658161e+02
  -8.1043195e+01  -1.2565414e+01  -3.8673529e+01   4.3128037e+02   7.4568912e+01  -1.7537919e+02
  -8.1520258e+01  -1.2950070e+01  -3.8518209e+01   4.4377587e+02   7.7227094e+01  -1.7406141e+02
  -8.1371194e+01  -1.3113431e+01  -3.8303592e+01   4.5717490e+02   7.9496359e+01  -1.7265927e+02
  -8.0681503e+01  -1.3075199e+01  -3.8041856e+01   4.7140516e+02   8.1377575e+01  -1.7120781e+02
  -7.9537778e+01  -1.2858903e+01  -3.7744595e+01   4.8638574e+02   8.2882152e+01  -1.6974418e+02
  -7.8023597e+01  -1.2488977e+01  -3.7422893e+01   5.0203137e+02   8.4028651e+01  -1.6830531e+02
  -7.6216210e+01  -1.1988387e+01  -3.7087034e+01   5.1825697e+02   8.4839634e+01  -1.6692554e+02
  -7.4184047e+01  -1.1377086e+01  -3.6745938e+01   5.3498195e+02   8.5339146e+01  -1.6563458e+02
  -7.1985224e+01  -1.0671412e+01  -3.6406501e+01   5.5213377e+02   8.5551019e+01  -1.6445598e+02
  -6.9667220e+01  -9.8843235e+00  -3.6073101e+01   5.6965026e+02   8.5497920e+01  -1.6340633e+02
  -6.7267390e+01  -9.0262223e+00  -3.5747449e+01   5.8748066e+02   8.5200971e+01  -1.6249517e+02
  -6.4814309e+01  -8.1060589e+00  -3.5428787e+01   6.0558516e+02   8.4679688e+01  -1.6172543e+02
  -6.2329432e+01  -7.1323663e+00  -3.5114494e+01   6.2393359e+02   8.3952017e+01  -1.6109432e+02
  -5.9828814e+01  -6.1140969e+00  -3.4800854e+01   6.4250339e+02   8.3034386e+01  -1.6059435e+02
  -5.7324599e+01  -5.0610418e+00  -3.4483924e+01   6.6127741e+02   8.1941650e+01  -1.6021456e+02
  -5.4826073e+01  -3.9839118e+00  -3.4160298e+01   6.8024189e+02   8.0687019e+01  -1.5994162e+02
  -5.2340293e+01  -2.8940377e+00  -3.3827697e+01   6.9938484e+02   7.9281961e+01  -1.5976089e+02
  -4.9872263e+01  -1.8028461e+00  -3.3485270e+01   7.1869506e+02   7.7736189e+01  -1.5965734e+02
  -4.7424944e+01  -7.2119669e-01  -3.3133620e+01   7.3816172e+02   7.6057763e+01  -1.5961633e+02
  -4.4999179e+01   3.4133702e-01  -3.2774576e+01   7.5777446e+02   7.4253377e+01  -1.5962422e+02
  -4.2593753e+01   1.3770589e+00  -3.2410770e+01   7.7752395e+02   7.2328839e+01  -1.5966885e+02
  -4.0205542e+01   2.3806169e+00  -3.2045090e+01   7.9740248e+02   7.0289730e+01  -1.5973992e+02
  -3.7830003e+01   3.3492435e+00  -3.1680161e+01   8.1740462e+02   6.8142170e+01  -1.5982910e+02
  -3.5461745e+01   4.2827806e+00  -3.1317874e+01   8.3752762e+02   6.5893625e+01  -1.5993018e+02
  -3.3095259e+01   5.1834517e+00  -3.0959073e+01   8.5777140e+02   6.3553642e+01  -1.6003892e+02
  -3.0725531e+01   6.0555264e+00  -3.0603426e+01   8.7813829e+02   6.1134416e+01  -1.6015283e+02
  -2.8348806e+01   6.9047237e+00  -3.0249440e+01   8.9863233e+02   5.8651225e+01  -1.6027090e+02
  -2.5962929e+01   7.7376942e+00  -2.9894666e+01   9.1925843e+02   5.6122566e+01  -1.6039310e+02
  -2.3567592e+01   8.5614079e+00  -2.9535982e+01   9.4002138e+02   5.3570160e+01  -1.6052002e+02
  -2.1164351e+01   9.3825882e+00  -2.9169940e+01   9.6092479e+02   5.1018713e+01  -1.6065244e+02
  -1.8756556e+01   1.0207265e+01  -2.8793088e+01   9.8197021e+02   4.8495567e+01  -1.6079093e+02
  -1.6349016e+01   1.1040347e+01  -2.8402212e+01   1.0031564e+03   4.6030234e+01  -1.6093573e+02
  -1.3947533e+01   1.1885327e+01  -2.7994508e+01   1.0244789e+03   4.3653823e+01  -1.6108657e+02
  -1.1558915e+01   1.2744127e+01  -2.7567619e+01   1.0459296e+03   4.1398505e+01  -1.6124288e+02
  -9.1900389e+00   1.3616856e+01  -2.7119561e+01   1.0674966e+03   3.9296883e+01  -1.6140406e+02
  -6.8482671e+00   1.4501910e+01  -2.6648594e+01   1.0891645e+03   3.7381448e+01  -1.6156990e+02
  -4.5406987e+00   1.5395966e+01  -2.6152983e+01   1.1109146e+03   3.5684029e+01  -1.6174121e+02
  -2.2742808e+00   1.6294145e+01  -2.5630787e+01   1.1327247e+03   3.4235242e+01  -1.6192039e+02
  -5.5701832e-02   1.7190317e+01  -2.5079624e+01   1.1545699e+03   3.3063976e+01  -1.6211198e+02
   2.1084379e+00   1.8077418e+01  -2.4496489e+01   1.1764227e+03   3.2196869e+01  -1.6232313e+02
   4.2121055e+00   1.8947724e+01  -2.3877602e+01   1.1982532e+03   3.1657785e+01  -1.6256370e+02
   6.2493416e+00   1.9793272e+01  -2.3218412e+01   1.2200290e+03   3.1467282e+01  -1.6284623e+02
   8.2145026e+00   2.0606115e+01  -2.2513664e+01   1.2417160e+03   3.1642081e+01  -1.6318540e+02
   1.0102173e+01   2.1378531e+01  -2.1757674e+01   1.2632776e+03   3.2194545e+01  -1.6359721e+02
   1.1907193e+01   2.2103274e+01  -2.0944692e+01   1.2846756e+03   3.3132120e+01  -1.6409797e+02
   1.3624785e+01   2.2773696e+01  -2.0069466e+01   1.3058694e+03   3.4456802e+01  -1.6470291e+02
   1.5250677e+01   2.3383878e+01  -1.9127913e+01   1.3268164e+03   3.6164574e+01  -1.6542484e+02
   1.6781025e+01   2.3928789e+01  -1.8117850e+01   1.3474718e+03   3.8244892e+01  -1.6627277e+02
   1.8212737e+01   2.4404472e+01  -1.7039712e+01   1.3677887e+03   4.0680150e+01  -1.6725077e+02
   1.9543669e+01   2.4808220e+01  -1.5897210e+01   1.3877187e+03   4.3445204e+01  -1.6835705e+02
   2.0772557e+01   2.5138817e+01  -1.4697807e+01   1.4072115e+03   4.6506973e+01  -1.6958356e+02
   2.1899395e+01   2.5396735e+01  -1.3452935e+01   1.4262165e+03   4.9824182e+01  -1.7091598e+02
   2.2925330e+01   2.5584304e+01  -1.2177961e+01   1.4446832e+03   5.3347255e+01  -1.7233427e+02
   2.3852848e+01   2.5705873e+01  -1.0891740e+01   1.4625625e+03   5.7018494e+01  -1.7381373e+02
   2.4685555e+01   2.5767802e+01  -9.6158848e+00   1.4798084e+03   6.0772610e+01  -1.7532643e+02
   2.5428010e+01   2.5778379e+01  -8.3736887e+00   1.4963789e+03   6.4537634e+01  -1.7684311e+02
   2.6085009e+01   2.5747537e+01  -7.1888749e+00   1.5122381e+03   6.8236329e+01  -1.7833506e+02
   2.6661362e+01   2.5686395e+01  -6.0842243e+00   1.5273571e+03   7.1788037e+01  -1.7977617e+02
   2.7161112e+01   2.5606623e+01  -5.0803095e+00   1.5417147e+03   7.5110963e+01  -1.8114464e+02
   2.7586658e+01   2.5519789e+01  -4.1943471e+00   1.5552988e+03   7.8124883e+01  -1.8242437e+02
   2.7938652e+01   2.5436513e+01  -3.4394347e+00   1.5681058e+03   8.0754112e+01  -1.8360577e+02
   2.8215580e+01   2.5365885e+01  -2.8240497e+00   1.5801412e+03   8.2930624e+01  -1.8468605e+02
   2.8414133e+01   2.5314899e+01  -2.3519225e+00   1.5914182e+03   8.4597269e+01  -1.8566881e+02
   2.8529503e+01   2.5288184e+01  -2.0221862e+00   1.6019576e+03   8.5710853e+01  -1.8656311e+02
   2.8556695e+01   2.5287894e+01  -1.8297723e+00   1.6117859e+03   8.6244920e+01  -1.8738211e+02
   2.8490783e+01   2.5313938e+01  -1.7658544e+00   1.6209336e+03   8.6192169e+01  -1.8814139e+02
   2.8328922e+01   2.5364248e+01  -1.8184455e+00   1.6294337e+03   8.5566084e+01  -1.8885710e+02
   2.8071075e+01   2.5435284e+01  -1.9729277e+00   1.6373188e+03   8.4401727e+01  -1.8954423e+02
   2.7721205e+01   2.5522513e+01  -2.2126587e+00   1.6446191e+03   8.2755406e+01  -1.9021495e+02
   2.7287883e+01   2.5620883e+01  -2.5195302e+00   1.6513604e+03   8.0703110e+01  -1.9087741e+02
   2.6784490e+01   2.5725257e+01  -2.8745953e+00   1.6575622e+03   7.8337554e+01  -1.9153488e+02
   2.6229274e+01   2.5830748e+01  -3.2587381e+00   1.6632362e+03   7.5763827e+01  -1.9218550e+02
   2.5644181e+01   2.5933003e+01  -3.6533687e+00   1.6683867e+03   7.3093878e+01  -1.9282263e+02
   2.5053221e+01   2.6028378e+01  -4.0411440e+00   1.6730110e+03   7.0440084e+01  -1.9343577e+02
   2.4481080e+01   2.6114095e+01  -4.4067657e+00   1.6771015e+03   6.7908123e+01  -1.9401190e+02
