   3.0989618e+01   2.6543422e+01  -2.6991694e+01   3.0428491e+02   7.6115306e+01  -1.6430008e+02
   2.9533636e+01   2.5793260e+01  -2.7222595e+01   3.0732675e+02   7.1749631e+01  -1.6532614e+02
   2.8013511e+01   2.5046263e+01  -2.7444473e+01   3.1029487e+02   6.7416181e+01  -1.6633701e+02
   2.6442163e+01   2.4304129e+01  -2.7660934e+01   3.1315972e+02   6.3150376e+01  -1.6731223e+02
   2.4831117e+01   2.3569344e+01  -2.7876254e+01   3.1589268e+02   5.8981887e+01  -1.6822999e+02
   2.3191232e+01   2.2845531e+01  -2.8095256e+01   3.1846621e+02   5.4935197e+01  -1.6906781e+02
   2.1533151e+01   2.2137476e+01  -2.8323171e+01   3.2085482e+02   5.1030276e+01  -1.6980355e+02
   1.9867907e+01   2.1450787e+01  -2.8565407e+01   3.2303638e+02   4.7283354e+01  -1.7041681e+02
   1.8207209e+01   2.0791343e+01  -2.8827142e+01   3.2499382e+02   4.3707748e+01  -1.7089045e+02
   1.6563364e+01   2.0164678e+01  -2.9112741e+01   3.2671670e+02   4.0314750e+01  -1.7121223e+02
   1.4949044e+01   1.9575420e+01  -2.9425044e+01   3.2820234e+02   3.7114465e+01  -1.7137626e+02
   1.3376880e+01   1.9026896e+01  -2.9764663e+01   3.2945630e+02   3.4116537e+01  -1.7138397e+02
   1.1859084e+01   1.8520948e+01  -3.0129433e+01   3.3049205e+02   3.1330604e+01  -1.7124464e+02
   1.0406970e+01   1.8057972e+01  -3.0514173e+01   3.3132985e+02   2.8766396e+01  -1.7097503e+02
   9.0305915e+00   1.7637124e+01  -3.0910856e+01   3.3199510e+02   2.6433413e+01  -1.7059843e+02
   7.7383329e+00   1.7256637e+01  -3.1309205e+01   3.3251617e+02   2.4340178e+01  -1.7014289e+02
   6.5365410e+00   1.6914164e+01  -3.1697651e+01   3.3292219e+02   2.2493165e+01  -1.6963909e+02
   5.4291838e+00   1.6607089e+01  -3.2064509e+01   3.3324096e+02   2.0895571e+01  -1.6911795e+02
   4.4175227e+00   1.6332753e+01  -3.2399169e+01   3.3349727e+02   1.9546156e+01  -1.6860836e+02
   3.5000401e+00   1.6088582e+01  -3.2693132e+01   3.3371166e+02   1.8438378e+01  -1.6813516e+02
   2.6725318e+00   1.5872125e+01  -3.2940706e+01   3.3389993e+02   1.7560005e+01  -1.6771782e+02
   1.9285646e+00   1.5681032e+01  -3.3139323e+01   3.3407310e+02   1.6893281e+01  -1.6736958e+02
   1.2600771e+00   1.5513019e+01  -3.3289476e+01   3.3423792e+02   1.6415644e+01  -1.6709735e+02
   6.5817839e-01   1.5365844e+01  -3.3394344e+01   3.3439759e+02   1.6100877e+01  -1.6690210e+02
   1.1394145e-01   1.5237307e+01  -3.3459220e+01   3.3455273e+02   1.5920550e+01  -1.6677961e+02
  -3.8090988e-01   1.5125284e+01  -3.3490845e+01   3.3470222e+02   1.5845587e+01  -1.6672160e+02
  -8.3346552e-01   1.5027763e+01  -3.3496716e+01   3.3484401e+02   1.5847794e+01  -1.6671692e+02
  -1.2493570e+00   1.4942882e+01  -3.3484452e+01   3.3497578e+02   1.5901204e+01  -1.6675282e+02
  -1.6326812e+00   1.4868946e+01  -3.3461239e+01   3.3509535e+02   1.5983167e+01  -1.6681618e+02
  -1.9861255e+00   1.4804438e+01  -3.3433404e+01   3.3520107e+02   1.6075056e+01  -1.6689455e+02
  -2.3112291e+00   1.4748027e+01  -3.3406119e+01   3.3529187e+02   1.6162634e+01  -1.6697701e+02
  -2.6087431e+00   1.4698564e+01  -3.3383243e+01   3.3536743e+02   1.6236040e+01  -1.6705472e+02
  -2.8789675e+00   1.4655098e+01  -3.3367289e+01   3.3542808e+02   1.6289473e+01  -1.6712126e+02
  -3.1221060e+00   1.4616894e+01  -3.3359496e+01   3.3547474e+02   1.6320629e+01  -1.6717270e+02
  -3.3385332e+00   1.4583447e+01  -3.3359989e+01   3.3550883e+02   1.6329986e+01  -1.6720735e+02
  -3.5290042e+00   1.4554484e+01  -3.3367999e+01   3.3553213e+02   1.6320007e+01  -1.6722550e+02
  -3.6947557e+00   1.4529950e+01  -3.3382121e+01   3.3554662e+02   1.6294376e+01  -1.6722894e+02
  -3.8375175e+00   1.4509962e+01  -3.3400581e+01   3.3555434e+02   1.6257300e+01  -1.6722040e+02
  -3.9594632e+00   1.4494735e+01  -3.3421489e+01   3.3555725e+02   1.6212940e+01  -1.6720312e+02
  -4.0630717e+00   1.4484495e+01  -3.3443069e+01   3.3555709e+02   1.6165008e+01  -1.6718030e+02
  -4.1509760e+00   1.4479375e+01  -3.3463840e+01   3.3555529e+02   1.6116510e+01  -1.6715482e+02
  -4.2257757e+00   1.4479318e+01  -3.3482745e+01   3.3555289e+02   1.6069650e+01  -1.6712892e+02
  -4.2898743e+00   1.4484016e+01  -3.3499219e+01   3.3555052e+02   1.6025851e+01  -1.6710408e+02
  -4.3452992e+00   1.4492864e+01  -3.3513193e+01   3.3554842e+02   1.5985873e+01  -1.6708102e+02
  -4.3936055e+00   1.4504959e+01  -3.3525048e+01   3.3554654e+02   1.5949991e+01  -1.6705980e+02
  -4.4358115e+00   1.4519123e+01  -3.3535526e+01   3.3554462e+02   1.5918176e+01  -1.6703996e+02
  -4.4723767e+00   1.4533954e+01  -3.3545612e+01   3.3554237e+02   1.5890280e+01  -1.6702076e+02
  -4.5032757e+00   1.4547906e+01  -3.3556411e+01   3.3553954e+02   1.5866170e+01  -1.6700139e+02
  -4.5280994e+00   1.4559370e+01  -3.3569034e+01   3.3553608e+02   1.5845806e+01  -1.6698117e+02
  -4.5461929e+00   1.4566762e+01  -3.3584512e+01   3.3553218e+02   1.5829259e+01  -1.6695970e+02
  -4.5568235e+00   1.4568609e+01  -3.3603738e+01   3.3552831e+02   1.5816682e+01  -1.6693697e+02
  -4.5593510e+00   1.4563624e+01  -3.3627448e+01   3.3552518e+02   1.5808237e+01  -1.6691335e+02
  -4.5533636e+00   1.4550752e+01  -3.3656233e+01   3.3552365e+02   1.5804011e+01  -1.6688956e+02
  -4.5387924e+00   1.4529199e+01  -3.3690582e+01   3.3552466e+02   1.5803945e+01  -1.6686660e+02
  -4.5159903e+00   1.4498437e+01  -3.3730930e+01   3.3552910e+02   1.5807779e+01  -1.6684561e+02
  -4.4857405e+00   1.4458165e+01  -3.3777729e+01   3.3553769e+02   1.5815045e+01  -1.6682780e+02
  -4.4492326e+00   1.4408282e+01  -3.3831492e+01   3.3555095e+02   1.5825086e+01  -1.6681436e+02
  -4.4079639e+00   1.4348855e+01  -3.3892842e+01   3.3556909e+02   1.5837124e+01  -1.6680645e+02
  -4.3636248e+00   1.4280089e+01  -3.3962528e+01   3.3559207e+02   1.5850329e+01  -1.6680519e+02
  -4.3179392e+00   1.4202323e+01  -3.4041430e+01   3.3561960e+02   1.5863899e+01  -1.6681172e+02
  -4.2725272e+00   1.4116038e+01  -3.4130541e+01   3.3565120e+02   1.5877131e+01  -1.6682728e+02
  -4.2287335e+00   1.4021890e+01  -3.4230924e+01   3.3568627e+02   1.5889476e+01  -1.6685329e+02
  -4.1875659e+00   1.3920733e+01  -3.4343670e+01   3.3572413e+02   1.5900559e+01  -1.6689136e+02
  -4.1495554e+00   1.3813611e+01  -3.4469848e+01   3.3576407e+02   1.5910208e+01  -1.6694336e+02
  -4.1147293e+00   1.3701753e+01  -3.4610444e+01   3.3580534e+02   1.5918470e+01  -1.6701129e+02
  -4.0826538e+00   1.3586487e+01  -3.4766324e+01   3.3584713e+02   1.5925608e+01  -1.6709725e+02
  -4.0525251e+00   1.3469137e+01  -3.4938188e+01   3.3588854e+02   1.5932133e+01  -1.6720318e+02
  -4.0234066e+00   1.3350880e+01  -3.5126539e+01   3.3592853e+02   1.5938791e+01  -1.6733078e+02
  -3.9944878e+00   1.3232593e+01  -3.5331656e+01   3.3596586e+02   1.5946562e+01  -1.6748125e+02
  -3.9653990e+00   1.3114725e+01  -3.5553560e+01   3.3599907e+02   1.5956613e+01  -1.6765518e+02
  -3.9364863e+00   1.2997183e+01  -3.5791983e+01   3.3602650e+02   1.5970225e+01  -1.6785240e+02
  -3.9089688e+00   1.2879279e+01  -3.6046319e+01   3.3604641e+02   1.5988712e+01  -1.6807198e+02
  -3.8850720e+00   1.2759710e+01  -3.6315573e+01   3.3605704e+02   1.6013292e+01  -1.6831217e+02
  -3.8679573e+00   1.2636601e+01  -3.6598298e+01   3.3605682e+02   1.6045005e+01  -1.6857054e+02
  -3.8616056e+00   1.2507598e+01  -3.6892540e+01   3.3604459e+02   1.6084619e+01  -1.6884400e+02
  -3.8705332e+00   1.2369982e+01  -3.7195791e+01   3.3601972e+02   1.6132574e+01  -1.6912899e+02
  -3.8995195e+00   1.2220818e+01  -3.7504983e+01   3.3598231e+02   1.6188953e+01  -1.6942155e+02
  -3.9532431e+00   1.2057112e+01  -3.7816511e+01   3.3593330e+02   1.6253481e+01  -1.6971747e+02
  -4.0359390e+00   1.1875947e+01  -3.8126314e+01   3.3587444e+02   1.6325558e+01  -1.7001234e+02
  -4.1511696e+00   1.1674619e+01  -3.8429999e+01   3.3580825e+02   1.6404317e+01  -1.7030167e+02
  -4.3016007e+00   1.1450730e+01  -3.8722998e+01   3.3573784e+02   1.6488707e+01  -1.7058089e+02
  -4.4889550e+00   1.1202271e+01  -3.9000754e+01   3.3566672e+02   1.6577604e+01  -1.7084545e+02
  -4.7140604e+00   1.0927652e+01  -3.9258911e+01   3.3559848e+02   1.6669942e+01  -1.7109089e+02
  -4.9770227e+00   1.0625736e+01  -3.9493499e+01   3.3553656e+02   1.6764860e+01  -1.7131295e+02
  -5.2774308e+00   1.0295822e+01  -3.9701095e+01   3.3548394e+02   1.6861872e+01  -1.7150765e+02
  -5.6147046e+00   9.9376519e+00  -3.9878956e+01   3.3544302e+02   1.6961019e+01  -1.7167154e+02
  -5.9883328e+00   9.5513833e+00  -4.0025097e+01   3.3541544e+02   1.7063029e+01  -1.7180176e+02
  -6.3980930e+00   9.1375811e+00  -4.0138342e+01   3.3540211e+02   1.7169433e+01  -1.7189630e+02
  -6.8442167e+00   8.6971762e+00  -4.0218326e+01   3.3540325e+02   1.7282620e+01  -1.7195410e+02
  -7.3273897e+00   8.2314235e+00  -4.0265470e+01   3.3541863e+02   1.7405836e+01  -1.7197517e+02
  -7.8486809e+00   7.7418287e+00  -4.0280915e+01   3.3544775e+02   1.7543086e+01  -1.7196062e+02
  -8.4093645e+00   7.2300495e+00  -4.0266459e+01   3.3549016e+02   1.7698947e+01  -1.7191262e+02
  -9.0106659e+00   6.6977577e+00  -4.0224461e+01   3.3554573e+02   1.7878288e+01  -1.7183434e+02
  -9.6533642e+00   6.1464562e+00  -4.0157743e+01   3.3561493e+02   1.8085916e+01  -1.7172980e+02
  -1.0337419e+01   5.5772538e+00  -4.0069494e+01   3.3569899e+02   1.8326165e+01  -1.7160363e+02
  -1.1061514e+01   4.9906008e+00  -3.9963137e+01   3.3580003e+02   1.8602492e+01  -1.7146087e+02
  -1.1822560e+01   4.3859787e+00  -3.9842197e+01   3.3592104e+02   1.8917103e+01  -1.7130672e+02
  -1.2615367e+01   3.7615965e+00  -3.9710129e+01   3.3606580e+02   1.9270673e+01  -1.7114628e+02
  -1.3432415e+01   3.1141671e+00  -3.9570105e+01   3.3623868e+02   1.9662231e+01  -1.7098438e+02
  -1.4263862e+01   2.4387531e+00  -3.9424769e+01   3.3644445e+02   2.0089233e+01  -1.7082541e+02
  -1.5097825e+01   1.7287702e+00  -3.9275960e+01   3.3668798e+02   2.0547824e+01  -1.7067322e+02
  -1.5921017e+01   9.7617965e-01  -3.9124440e+01   3.3697400e+02   2.1033339e+01  -1.7053113e+02
  -1.6719779e+01   1.7183688e-01  -3.8969645e+01   3.3730681e+02   2.1540994e+01  -1.7040198e+02
  -1.7481425e+01  -6.9393740e-01  -3.8809501e+01   3.3769004e+02   2.2066732e+01  -1.7028823e+02
  -1.8196119e+01  -1.6306618e+00  -3.8640359e+01   3.3812643e+02   2.2608195e+01  -1.7019206e+02
  -1.8859020e+01  -2.6468354e+00  -3.8457063e+01   3.3861763e+02   2.3165770e+01  -1.7011557e+02
  -1.9472881e+01  -3.7490148e+00  -3.8253212e+01   3.3916421e+02   2.3743639e+01  -1.7006088e+02
  -2.0050965e+01  -4.9408717e+00  -3.8021621e+01   3.3976576e+02   2.4350795e+01  -1.7003025e+02
  -2.0620217e+01  -6.2223194e+00  -3.7755032e+01   3.4042126e+02   2.5001904e+01  -1.7002623e+02
  -2.1224214e+01  -7.5889284e+00  -3.7446977e+01   3.4112982e+02   2.5718016e+01  -1.7005163e+02
  -2.1925502e+01  -9.0316951e+00  -3.7092805e+01   3.4189180e+02   2.6526946e+01  -1.7010956e+02
  -2.2806459e+01  -1.0537397e+01  -3.6690695e+01   3.4271051e+02   2.7463263e+01  -1.7020323e+02
  -2.3967761e+01  -1.2089579e+01  -3.6242522e+01   3.4359444e+02   2.8567663e+01  -1.7033569e+02
  -2.5523739e+01  -1.3670122e+01  -3.5754399e+01   3.4455998e+02   2.9885572e+01  -1.7050923e+02
  -2.7593768e+01  -1.5261199e+01  -3.5236694e+01   3.4563452e+02   3.1464721e+01  -1.7072470e+02
  -3.0289745e+01  -1.6847288e+01  -3.4703442e+01   3.4685945e+02   3.3351553e+01  -1.7098045e+02
  -3.3699712e+01  -1.8416846e+01  -3.4171038e+01   3.4829243e+02   3.5586456e+01  -1.7127130e+02
  -3.7868758e+01  -1.9963185e+01  -3.3656264e+01   3.5000826e+02   3.8198136e+01  -1.7158739e+02
  -4.2779495e+01  -2.1484287e+01  -3.3173738e+01   3.5209746e+02   4.1197879e+01  -1.7191329e+02
  -4.8336737e+01  -2.2981236e+01  -3.2733188e+01   3.5466219e+02   4.4574864e+01  -1.7222760e+02
  -5.4362735e+01  -2.4455235e+01  -3.2337408e+01   3.5780993e+02   4.8293853e+01  -1.7250341e+02
  -6.0609868e+01  -2.5903873e+01  -3.1982067e+01   3.6164621e+02   5.2296111e+01  -1.7270998e+02
  -6.6792769e+01  -2.7317942e+01  -3.1658082e+01   3.6626799e+02   5.6503460e+01  -1.7281529e+02
  -7.2632688e+01  -2.8680379e+01  -3.1356173e+01   3.7175894e+02   6.0824305e+01  -1.7278937e+02
  -7.7898715e+01  -2.9968182e+01  -3.1071287e+01   3.7818655e+02   6.5160347e+01  -1.7260709e+02
  -8.2431333e+01  -3.1156279e+01  -3.0804880e+01   3.8560046e+02   6.9413085e+01  -1.7225029e+02
  -8.6144978e+01  -3.2221666e+01  -3.0564257e+01   3.9403121e+02   7.3489830e+01  -1.7170891e+02
  -8.9016028e+01  -3.3146334e+01  -3.0360008e+01   4.0348960e+02   7.7309004e+01  -1.7098158e+02
  -9.1066047e+01  -3.3918584e+01  -3.0203146e+01   4.1396656e+02   8.0804262e+01  -1.7007588e+02
  -9.2346744e+01  -3.4533103e+01  -3.0102949e+01   4.2543398e+02   8.3927007e+01  -1.6900821e+02
  -9.2928770e+01  -3.4990233e+01  -3.0065890e+01   4.3784616e+02   8.6647029e+01  -1.6780326e+02
  -9.2893721e+01  -3.5294818e+01  -3.0095483e+01   4.5114208e+02   8.8951303e+01  -1.6649282e+02
  -9.2328343e+01  -3.5454821e+01  -3.0192713e+01   4.6524853e+02   9.0841335e+01  -1.6511390e+02
  -9.1319922e+01  -3.5479885e+01  -3.0356684e+01   4.8008391e+02   9.2329603e+01  -1.6370623e+02
  -8.9952162e+01  -3.5379967e+01  -3.0585212e+01   4.9556270e+02   9.3435782e+01  -1.6230942e+02
  -8.8301812e+01  -3.5164231e+01  -3.0875199e+01   5.1160022e+02   9.4183352e+01  -1.6096025e+02
  -8.6435999e+01  -3.4840327e+01  -3.1222796e+01   5.2811704e+02   9.4596993e+01  -1.5969030e+02
  -8.4410548e+01  -3.4414135e+01  -3.1623368e+01   5.4504251e+02   9.4700920e+01  -1.5852443e+02
  -8.2269559e+01  -3.3889935e+01  -3.2071439e+01   5.6231706e+02   9.4518036e+01  -1.5748002e+02
  -8.0045949e+01  -3.3270897e+01  -3.2560688e+01   5.7989290e+02   9.4069665e+01  -1.5656706e+02
  -7.7762990e+01  -3.2559775e+01  -3.3084028e+01   5.9773352e+02   9.3375593e+01  -1.5578882e+02
  -7.5436317e+01  -3.1759571e+01  -3.3633860e+01   6.1581201e+02   9.2454145e+01  -1.5514293e+02
  -7.3076095e+01  -3.0874157e+01  -3.4202367e+01   6.3410893e+02   9.1322265e+01  -1.5462256e+02
  -7.0688942e+01  -2.9908651e+01  -3.4781887e+01   6.5261000e+02   8.9995472e+01  -1.5421770e+02
  -6.8279398e+01  -2.8869607e+01  -3.5365250e+01   6.7130400e+02   8.8487784e+01  -1.5391625e+02
  -6.5850859e+01  -2.7764943e+01  -3.5946072e+01   6.9018123e+02   8.6811655e+01  -1.5370505e+02
  -6.3405881e+01  -2.6603647e+01  -3.6518943e+01   7.0923252e+02   8.4977979e+01  -1.5357068e+02
  -6.0946217e+01  -2.5395325e+01  -3.7079527e+01   7.2844884e+02   8.2996228e+01  -1.5350003e+02
  -5.8472540e+01  -2.4149557e+01  -3.7624551e+01   7.4782149e+02   8.0874749e+01  -1.5348090e+02
  -5.5984289e+01  -2.2875251e+01  -3.8151715e+01   7.6734255e+02   7.8621228e+01  -1.5350222e+02
  -5.3479397e+01  -2.1579946e+01  -3.8659489e+01   7.8700555e+02   7.6243289e+01  -1.5355438e+02
  -5.0954488e+01  -2.0269240e+01  -3.9146916e+01   8.0680597e+02   7.3749149e+01  -1.5362935e+02
  -4.8405095e+01  -1.8946347e+01  -3.9613347e+01   8.2674165e+02   7.1148292e+01  -1.5372073e+02
  -4.5826219e+01  -1.7611921e+01  -4.0058207e+01   8.4681277e+02   6.8452039e+01  -1.5382375e+02
  -4.3212859e+01  -1.6264049e+01  -4.0480791e+01   8.6702153e+02   6.5673966e+01  -1.5393515e+02
  -4.0560779e+01  -1.4898618e+01  -4.0880076e+01   8.8737162e+02   6.2830234e+01  -1.5405296e+02
  -3.7867049e+01  -1.3509763e+01  -4.1254672e+01   9.0786729e+02   5.9939661e+01  -1.5417625e+02
  -3.5130398e+01  -1.2090524e+01  -4.1602748e+01   9.2851261e+02   5.7023757e+01  -1.5430476e+02
  -3.2351518e+01  -1.0633611e+01  -4.1922069e+01   9.4931047e+02   5.4106564e+01  -1.5443866e+02
  -2.9533164e+01  -9.1321300e+00  -4.2210043e+01   9.7026182e+02   5.1214458e+01  -1.5457816e+02
  -2.6679999e+01  -7.5803388e+00  -4.2463759e+01   9.9136501e+02   4.8375864e+01  -1.5472337e+02
  -2.3798280e+01  -5.9742850e+00  -4.2680040e+01   1.0126153e+03   4.5620877e+01  -1.5487418e+02
  -2.0895984e+01  -4.3122621e+00  -4.2855505e+01   1.0340046e+03   4.2980866e+01  -1.5503029e+02
  -1.7981886e+01  -2.5953140e+00  -4.2986498e+01   1.0555213e+03   4.0488035e+01  -1.5519146e+02
  -1.5066053e+01  -8.2729885e-01  -4.3069165e+01   1.0771504e+03   3.8174900e+01  -1.5535785e+02
  -1.2158997e+01   9.8500575e-01  -4.3099358e+01   1.0988736e+03   3.6073828e+01  -1.5553044e+02
  -9.2717792e+00   2.8320469e+00  -4.3072610e+01   1.1206693e+03   3.4216463e+01  -1.5571157e+02
  -6.4158144e+00   4.7018547e+00  -4.2984119e+01   1.1425134e+03   3.2633151e+01  -1.5590538e+02
  -3.6030018e+00   6.5804810e+00  -4.2828736e+01   1.1643787e+03   3.1352305e+01  -1.5611819e+02
  -8.4506631e-01   8.4523952e+00  -4.2600922e+01   1.1862359e+03   3.0399875e+01  -1.5635864e+02
   1.8459100e+00   1.0301118e+01  -4.2294896e+01   1.2080535e+03   2.9798604e+01  -1.5663759e+02
   4.4578503e+00   1.2109690e+01  -4.1904772e+01   1.2297977e+03   2.9567439e+01  -1.5696776e+02
   6.9786280e+00   1.3861145e+01  -4.1424887e+01   1.2514328e+03   2.9720873e+01  -1.5736298e+02
   9.3962580e+00   1.5539069e+01  -4.0850179e+01   1.2729208e+03   3.0268330e+01  -1.5783733e+02
   1.1699159e+01   1.7128086e+01  -4.0176768e+01   1.2942217e+03   3.1213545e+01  -1.5840397e+02
   1.3876510e+01   1.8614371e+01  -3.9402577e+01   1.3152933e+03   3.2553961e+01  -1.5907399e+02
   1.5918462e+01   1.9986215e+01  -3.8528013e+01   1.3360908e+03   3.4280201e+01  -1.5985517e+02
   1.7816789e+01   2.1234554e+01  -3.7556566e+01   1.3565673e+03   3.6375552e+01  -1.6075108e+02
   1.9565404e+01   2.2353382e+01  -3.6495329e+01   1.3766736e+03   3.8815548e+01  -1.6176022e+02
   2.1160484e+01   2.3340105e+01  -3.5355319e+01   1.3963584e+03   4.1567595e+01  -1.6287569e+02
   2.2601060e+01   2.4195655e+01  -3.4151527e+01   1.4155694e+03   4.4590822e+01  -1.6408517e+02
   2.3888870e+01   2.4924378e+01  -3.2902702e+01   1.4342537e+03   4.7836023e+01  -1.6537140e+02
   2.5028525e+01   2.5533826e+01  -3.1630808e+01   1.4523591e+03   5.1245902e+01  -1.6671302e+02
   2.6027113e+01   2.6034237e+01  -3.0360182e+01   1.4698357e+03   5.4755648e+01  -1.6808590e+02
   2.6893831e+01   2.6437928e+01  -2.9116414e+01   1.4866373e+03   5.8293910e+01  -1.6946468e+02
   2.7639021e+01   2.6758572e+01  -2.7925140e+01   1.5027231e+03   6.1784167e+01  -1.7082449e+02
   2.8273718e+01   2.7010332e+01  -2.6810684e+01   1.5180591e+03   6.5146647e+01  -1.7214265e+02
   2.8808553e+01   2.7207004e+01  -2.5794879e+01   1.5326191e+03   6.8300561e+01  -1.7340027e+02
   2.9252541e+01   2.7361326e+01  -2.4896024e+01   1.5463862e+03   7.1166725e+01  -1.7458341e+02
   2.9612657e+01   2.7484187e+01  -2.4128173e+01   1.5593526e+03   7.3670501e+01  -1.7568390e+02
   2.9892987e+01   2.7584277e+01  -2.3500697e+01   1.5715201e+03   7.5744747e+01  -1.7669956e+02
   3.0094812e+01   2.7667811e+01  -2.3018175e+01   1.5828997e+03   7.7332943e+01  -1.7763388e+02
   3.0216559e+01   2.7738605e+01  -2.2680515e+01   1.5935106e+03   7.8392093e+01  -1.7849523e+02
   3.0254994e+01   2.7798272e+01  -2.2483293e+01   1.6033794e+03   7.8895448e+01  -1.7929564e+02
   3.0205396e+01   2.7846804e+01  -2.2418150e+01   1.6125377e+03   7.8834737e+01  -1.8004922e+02
   3.0063785e+01   2.7883040e+01  -2.2473307e+01   1.6210206e+03   7.8221838e+01  -1.8077048e+02
   2.9827946e+01   2.7905362e+01  -2.2634061e+01   1.6288641e+03   7.7089552e+01  -1.8147270e+02
   2.9499028e+01   2.7912282e+01  -2.2883389e+01   1.6361026e+03   7.5491303e+01  -1.8216632e+02
   2.9082701e+01   2.7902923e+01  -2.3202534e+01   1.6427665e+03   7.3499749e+01  -1.8285777e+02
   2.8589826e+01   2.7877404e+01  -2.3571717e+01   1.6488801e+03   7.1203932e+01  -1.8354863e+02
   2.8036960e+01   2.7836969e+01  -2.3970894e+01   1.6544602e+03   6.8705182e+01  -1.8423539e+02
   2.7445450e+01   2.7784030e+01  -2.4380566e+01   1.6595156e+03   6.6111775e+01  -1.8490977e+02
   2.6839906e+01   2.7721988e+01  -2.4782601e+01   1.6640477e+03   6.3532714e+01  -1.8555970e+02
   2.6246666e+01   2.7654920e+01  -2.5161098e+01   1.6680524e+03   6.1070784e+01  -1.8617074e+02
