   3.1074648e+01   3.5783505e+01  -1.6338279e+01   2.9421873e+02   6.8830745e+01  -1.5419640e+02
   2.9876238e+01   3.5454007e+01  -1.6830852e+01   2.9709650e+02   6.4725780e+01  -1.5509454e+02
   2.8602479e+01   3.5122385e+01  -1.7333115e+01   2.9991136e+02   6.0648580e+01  -1.5597970e+02
   2.7265662e+01   3.4786524e+01  -1.7847150e+01   3.0263450e+02   5.6635458e+01  -1.5683460e+02
   2.5877341e+01   3.4445609e+01  -1.8375288e+01   3.0523755e+02   5.2716736e+01  -1.5764056e+02
   2.4449015e+01   3.4100433e+01  -1.8919812e+01   3.0769276e+02   4.8917095e+01  -1.5837803e+02
   2.2992513e+01   3.3753465e+01  -1.9482729e+01   3.0997381e+02   4.5256157e+01  -1.5902746e+02
   2.1520561e+01   3.3408609e+01  -2.0065568e+01   3.1205718e+02   4.1749312e+01  -1.5957047e+02
   2.0047000e+01   3.3070777e+01  -2.0669120e+01   3.1392389e+02   3.8408680e+01  -1.5999127e+02
   1.8586579e+01   3.2745339e+01  -2.1293107e+01   3.1556118e+02   3.5244180e+01  -1.6027806e+02
   1.7154503e+01   3.2437532e+01  -2.1935760e+01   3.1696392e+02   3.2264541e+01  -1.6042432e+02
   1.5765756e+01   3.2151923e+01  -2.2593407e+01   3.1813533e+02   2.9478167e+01  -1.6042986e+02
   1.4434430e+01   3.1891983e+01  -2.3260125e+01   3.1908688e+02   2.6893682e+01  -1.6030127e+02
   1.3172955e+01   3.1659824e+01  -2.3927652e+01   3.1983744e+02   2.4520049e+01  -1.6005184e+02
   1.1991531e+01   3.1456114e+01  -2.4585583e+01   3.2041171e+02   2.2366240e+01  -1.5970083e+02
   1.0897614e+01   3.1280162e+01  -2.5221951e+01   3.2083812e+02   2.0440431e+01  -1.5927213e+02
   9.8955686e+00   3.1130136e+01  -2.5824122e+01   3.2114656e+02   1.8748870e+01  -1.5879243e+02
   8.9864815e+00   3.1003357e+01  -2.6379918e+01   3.2136616e+02   1.7294587e+01  -1.5828923e+02
   8.1681022e+00   3.0896631e+01  -2.6878761e+01   3.2152341e+02   1.6076195e+01  -1.5778885e+02
   7.4351189e+00   3.0806553e+01  -2.7312698e+01   3.2164077e+02   1.5087011e+01  -1.5731461e+02
   6.7796296e+00   3.0729770e+01  -2.7677084e+01   3.2173596e+02   1.4314691e+01  -1.5688549e+02
   6.1919649e+00   3.0663171e+01  -2.7970894e+01   3.2182174e+02   1.3741450e+01  -1.5651526e+02
   5.6615893e+00   3.0604041e+01  -2.8196606e+01   3.2190630e+02   1.3344836e+01  -1.5621218e+02
   5.1781045e+00   3.0550149e+01  -2.8359758e+01   3.2199393e+02   1.3098946e+01  -1.5597912e+02
   4.7321340e+00   3.0499811e+01  -2.8468255e+01   3.2208585e+02   1.2975910e+01  -1.5581412e+02
   4.3159887e+00   3.0451904e+01  -2.8531557e+01   3.2218108e+02   1.2947471e+01  -1.5571121e+02
   3.9240797e+00   3.0405834e+01  -2.8559840e+01   3.2227732e+02   1.2986495e+01  -1.5566145e+02
   3.5529916e+00   3.0361465e+01  -2.8563223e+01   3.2237156e+02   1.3068273e+01  -1.5565402e+02
   3.2013178e+00   3.0319004e+01  -2.8551095e+01   3.2246070e+02   1.3171536e+01  -1.5567734e+02
   2.8692757e+00   3.0278872e+01  -2.8531625e+01   3.2254193e+02   1.3279088e+01  -1.5572005e+02
   2.5582052e+00   3.0241589e+01  -2.8511418e+01   3.2261300e+02   1.3378088e+01  -1.5577188e+02
   2.2699938e+00   3.0207659e+01  -2.8495371e+01   3.2267239e+02   1.3459948e+01  -1.5582424e+02
   2.0065911e+00   3.0177523e+01  -2.8486665e+01   3.2271935e+02   1.3519956e+01  -1.5587058e+02
   1.7695508e+00   3.0151532e+01  -2.8486891e+01   3.2275390e+02   1.3556664e+01  -1.5590653e+02
   1.5597250e+00   3.0129947e+01  -2.8496277e+01   3.2277678e+02   1.3571142e+01  -1.5592980e+02
   1.3770649e+00   3.0112970e+01  -2.8513976e+01   3.2278927e+02   1.3566184e+01  -1.5593994e+02
   1.2205777e+00   3.0100761e+01  -2.8538386e+01   3.2279306e+02   1.3545561e+01  -1.5593794e+02
   1.0884025e+00   3.0093449e+01  -2.8567477e+01   3.2279008e+02   1.3513367e+01  -1.5592579e+02
   9.7796464e-01   3.0091118e+01  -2.8599089e+01   3.2278228e+02   1.3473508e+01  -1.5590603e+02
   8.8623236e-01   3.0093774e+01  -2.8631199e+01   3.2277150e+02   1.3429367e+01  -1.5588130e+02
   8.0997312e-01   3.0101306e+01  -2.8662127e+01   3.2275928e+02   1.3383613e+01  -1.5585406e+02
   7.4604229e-01   3.0113424e+01  -2.8690673e+01   3.2274679e+02   1.3338175e+01  -1.5582628e+02
   6.9162130e-01   3.0129643e+01  -2.8716195e+01   3.2273477e+02   1.3294306e+01  -1.5579931e+02
   6.4445582e-01   3.0149257e+01  -2.8738601e+01   3.2272350e+02   1.3252748e+01  -1.5577388e+02
   6.0298073e-01   3.0171349e+01  -2.8758297e+01   3.2271294e+02   1.3213927e+01  -1.5575016e+02
   5.6638591e-01   3.0194811e+01  -2.8776085e+01   3.2270279e+02   1.3178137e+01  -1.5572785e+02
   5.3462250e-01   3.0218394e+01  -2.8793024e+01   3.2269264e+02   1.3145713e+01  -1.5570645e+02
   5.0828607e-01   3.0240760e+01  -2.8810309e+01   3.2268213e+02   1.3117127e+01  -1.5568532e+02
   4.8846290e-01   3.0260556e+01  -2.8829140e+01   3.2267104e+02   1.3093028e+01  -1.5566400e+02
   4.7653078e-01   3.0276474e+01  -2.8850641e+01   3.2265942e+02   1.3074204e+01  -1.5564221e+02
   4.7392951e-01   3.0287328e+01  -2.8875803e+01   3.2264754e+02   1.3061494e+01  -1.5562003e+02
   4.8192907e-01   3.0292101e+01  -2.8905472e+01   3.2263595e+02   1.3055659e+01  -1.5559785e+02
   5.0144536e-01   3.0289991e+01  -2.8940369e+01   3.2262533e+02   1.3057252e+01  -1.5557642e+02
   5.3288530e-01   3.0280420e+01  -2.8981138e+01   3.2261646e+02   1.3066506e+01  -1.5555669e+02
   5.7603881e-01   3.0263027e+01  -2.9028399e+01   3.2261006e+02   1.3083258e+01  -1.5553983e+02
   6.3006133e-01   3.0237623e+01  -2.9082808e+01   3.2260672e+02   1.3106937e+01  -1.5552708e+02
   6.9350249e-01   3.0204147e+01  -2.9145098e+01   3.2260681e+02   1.3136606e+01  -1.5551975e+02
   7.6443716e-01   3.0162633e+01  -2.9216105e+01   3.2261047e+02   1.3171049e+01  -1.5551919e+02
   8.4062935e-01   3.0113180e+01  -2.9296761e+01   3.2261760e+02   1.3208899e+01  -1.5552683e+02
   9.1976086e-01   3.0055962e+01  -2.9388082e+01   3.2262792e+02   1.3248764e+01  -1.5554424e+02
   9.9965389e-01   2.9991256e+01  -2.9491122e+01   3.2264099e+02   1.3289361e+01  -1.5557314e+02
   1.0785417e+00   2.9919527e+01  -2.9606926e+01   3.2265630e+02   1.3329625e+01  -1.5561550e+02
   1.1552134e+00   2.9841485e+01  -2.9736489e+01   3.2267323e+02   1.3368781e+01  -1.5567352e+02
   1.2292440e+00   2.9758142e+01  -2.9880708e+01   3.2269113e+02   1.3406420e+01  -1.5574957e+02
   1.3010797e+00   2.9670846e+01  -3.0040342e+01   3.2270924e+02   1.3442549e+01  -1.5584610e+02
   1.3720094e+00   2.9581238e+01  -3.0216004e+01   3.2272669e+02   1.3477605e+01  -1.5596549e+02
   1.4440520e+00   2.9491147e+01  -3.0408141e+01   3.2274239e+02   1.3512487e+01  -1.5610982e+02
   1.5196273e+00   2.9402436e+01  -3.0617052e+01   3.2275504e+02   1.3548512e+01  -1.5628075e+02
   1.6011692e+00   2.9316799e+01  -3.0842898e+01   3.2276306e+02   1.3587360e+01  -1.5647927e+02
   1.6906396e+00   2.9235557e+01  -3.1085706e+01   3.2276466e+02   1.3630964e+01  -1.5670561e+02
   1.7890705e+00   2.9159469e+01  -3.1345381e+01   3.2275785e+02   1.3681345e+01  -1.5695917e+02
   1.8962440e+00   2.9088592e+01  -3.1621672e+01   3.2274066e+02   1.3740466e+01  -1.5723846e+02
   2.0104063e+00   2.9022173e+01  -3.1914146e+01   3.2271125e+02   1.3810032e+01  -1.5754118e+02
   2.1282659e+00   2.8958650e+01  -3.2222112e+01   3.2266817e+02   1.3891380e+01  -1.5786431e+02
   2.2450764e+00   2.8895702e+01  -3.2544555e+01   3.2261058e+02   1.3985367e+01  -1.5820417e+02
   2.3549606e+00   2.8830354e+01  -3.2880062e+01   3.2253841e+02   1.4092342e+01  -1.5855656e+02
   2.4512654e+00   2.8759146e+01  -3.3226772e+01   3.2245254e+02   1.4212149e+01  -1.5891688e+02
   2.5270582e+00   2.8678321e+01  -3.3582364e+01   3.2235488e+02   1.4344187e+01  -1.5928021e+02
   2.5756224e+00   2.8584006e+01  -3.3944088e+01   3.2224824e+02   1.4487507e+01  -1.5964140e+02
   2.5908437e+00   2.8472415e+01  -3.4308848e+01   3.2213632e+02   1.4640927e+01  -1.5999515e+02
   2.5675871e+00   2.8339986e+01  -3.4673316e+01   3.2202338e+02   1.4803173e+01  -1.6033605e+02
   2.5018694e+00   2.8183524e+01  -3.5034080e+01   3.2191404e+02   1.4973023e+01  -1.6065867e+02
   2.3909023e+00   2.8000269e+01  -3.5387809e+01   3.2181289e+02   1.5149465e+01  -1.6095772e+02
   2.2329755e+00   2.7787959e+01  -3.5731403e+01   3.2172427e+02   1.5331835e+01  -1.6122814e+02
   2.0272751e+00   2.7544834e+01  -3.6062145e+01   3.2165188e+02   1.5519981e+01  -1.6146530e+02
   1.7735213e+00   2.7269655e+01  -3.6377812e+01   3.2159869e+02   1.5714368e+01  -1.6166519e+02
   1.4717081e+00   2.6961680e+01  -3.6676751e+01   3.2156676e+02   1.5916207e+01  -1.6182466e+02
   1.1218522e+00   2.6620665e+01  -3.6957924e+01   3.2155723e+02   1.6127525e+01  -1.6194154e+02
   7.2378300e-01   2.6246831e+01  -3.7220919e+01   3.2157046e+02   1.6351181e+01  -1.6201487e+02
   2.7711935e-01   2.5840832e+01  -3.7465937e+01   3.2160614e+02   1.6590837e+01  -1.6204491e+02
  -2.1868717e-01   2.5403697e+01  -3.7693759e+01   3.2166360e+02   1.6850845e+01  -1.6203321e+02
  -7.6419095e-01   2.4936744e+01  -3.7905711e+01   3.2174208e+02   1.7136060e+01  -1.6198254e+02
  -1.3597091e+00   2.4441455e+01  -3.8103623e+01   3.2184101e+02   1.7451582e+01  -1.6189676e+02
  -2.0049262e+00   2.3919293e+01  -3.8289788e+01   3.2196035e+02   1.7802443e+01  -1.6178064e+02
  -2.6985262e+00   2.3371471e+01  -3.8466924e+01   3.2210074e+02   1.8193264e+01  -1.6163963e+02
  -3.4377278e+00   2.2798664e+01  -3.8638112e+01   3.2226375e+02   1.8627941e+01  -1.6147961e+02
  -4.2177921e+00   2.2200664e+01  -3.8806723e+01   3.2245186e+02   1.9109375e+01  -1.6130660e+02
  -5.0317189e+00   2.1576009e+01  -3.8976310e+01   3.2266852e+02   1.9639296e+01  -1.6112657e+02
  -5.8700310e+00   2.0921692e+01  -3.9150445e+01   3.2291801e+02   2.0218249e+01  -1.6094513e+02
  -6.7208522e+00   2.0232908e+01  -3.9332506e+01   3.2320539e+02   2.0845733e+01  -1.6076743e+02
  -7.5702610e+00   1.9502939e+01  -3.9525439e+01   3.2353628e+02   2.1520489e+01  -1.6059799e+02
  -8.4030563e+00   1.8723227e+01  -3.9731493e+01   3.2391672e+02   2.2240952e+01  -1.6044067e+02
  -9.2039479e+00   1.7883567e+01  -3.9951971e+01   3.2435297e+02   2.3005827e+01  -1.6029865e+02
  -9.9591049e+00   1.6972523e+01  -4.0187040e+01   3.2485126e+02   2.3814732e+01  -1.6017454e+02
  -1.0658291e+01   1.5977949e+01  -4.0435619e+01   3.2541762e+02   2.4668875e+01  -1.6007043e+02
  -1.1297282e+01   1.4887677e+01  -4.0695377e+01   3.2605762e+02   2.5571734e+01  -1.5998810e+02
  -1.1880744e+01   1.3690290e+01  -4.0962852e+01   3.2677620e+02   2.6529671e+01  -1.5992915e+02
  -1.2425414e+01   1.2375960e+01  -4.1233701e+01   3.2757761e+02   2.7552478e+01  -1.5989516e+02
  -1.2963442e+01   1.0937324e+01  -4.1503099e+01   3.2846534e+02   2.8653775e+01  -1.5988795e+02
  -1.3545395e+01   9.3702024e+00  -4.1766168e+01   3.2944250e+02   2.9851326e+01  -1.5990971e+02
  -1.4242457e+01   7.6741765e+00  -4.2018487e+01   3.3051237e+02   3.1167173e+01  -1.5996313e+02
  -1.5146943e+01   5.8528134e+00  -4.2256543e+01   3.3167945e+02   3.2627612e+01  -1.6005140e+02
  -1.6370206e+01   3.9134960e+00  -4.2478051e+01   3.3295106e+02   3.4262847e+01  -1.6017811e+02
  -1.8037293e+01   1.8668597e+00  -4.2682142e+01   3.3433951e+02   3.6106222e+01  -1.6034685e+02
  -2.0277529e+01  -2.7404919e-01  -4.2869279e+01   3.3586480e+02   3.8192773e+01  -1.6056059e+02
  -2.3211269e+01  -2.4947721e+00  -4.3040973e+01   3.3755748e+02   4.0556867e+01  -1.6082083e+02
  -2.6932847e+01  -4.7803366e+00  -4.3199236e+01   3.3946138e+02   4.3228832e+01  -1.6112637e+02
  -3.1490867e+01  -7.1157773e+00  -4.3345735e+01   3.4163539e+02   4.6230648e+01  -1.6147201e+02
  -3.6868043e+01  -9.4861026e+00  -4.3480609e+01   3.4415373e+02   4.9571200e+01  -1.6184708e+02
  -4.2965106e+01  -1.1875300e+01  -4.3601059e+01   3.4710407e+02   5.3241875e+01  -1.6223422e+02
  -4.9594936e+01  -1.4263991e+01  -4.3700332e+01   3.5058348e+02   5.7213595e+01  -1.6260882e+02
  -5.6494161e+01  -1.6626197e+01  -4.3768124e+01   3.5469274e+02   6.1436101e+01  -1.6293982e+02
  -6.3354897e+01  -1.8926608e+01  -4.3793209e+01   3.5952975e+02   6.5839821e+01  -1.6319197e+02
  -6.9870232e+01  -2.1120467e+01  -4.3767947e+01   3.6518345e+02   7.0339932e+01  -1.6332942e+02
  -7.5778589e+01  -2.3157460e+01  -4.3692367e+01   3.7172847e+02   7.4841989e+01  -1.6331964e+02
  -8.0891343e+01  -2.4988212e+01  -4.3575639e+01   3.7922134e+02   7.9248440e+01  -1.6313668e+02
  -8.5099088e+01  -2.6570875e+01  -4.3434180e+01   3.8769800e+02   8.3465422e+01  -1.6276341e+02
  -8.8361806e+01  -2.7875483e+01  -4.3287661e+01   3.9717284e+02   8.7409062e+01  -1.6219278e+02
  -9.0692629e+01  -2.8885510e+01  -4.3154896e+01   4.0763886e+02   9.1010477e+01  -1.6142832e+02
  -9.2142150e+01  -2.9597347e+01  -4.3050881e+01   4.1906888e+02   9.4218874e+01  -1.6048404e+02
  -9.2785953e+01  -3.0018543e+01  -4.2985475e+01   4.3141750e+02   9.7002425e+01  -1.5938376e+02
  -9.2715088e+01  -3.0165459e+01  -4.2963514e+01   4.4462370e+02   9.9347087e+01  -1.5815964e+02
  -9.2028711e+01  -3.0060630e+01  -4.2985835e+01   4.5861428e+02   1.0125379e+02  -1.5684989e+02
  -9.0827953e+01  -2.9730042e+01  -4.3050678e+01   4.7330791e+02   1.0273470e+02  -1.5549593e+02
  -8.9210370e+01  -2.9200440e+01  -4.3154930e+01   4.8861979e+02   1.0380927e+02  -1.5413915e+02
  -8.7265377e+01  -2.8496992e+01  -4.3294951e+01   5.0446652e+02   1.0450078e+02  -1.5281795e+02
  -8.5070740e+01  -2.7641563e+01  -4.3466891e+01   5.2077056e+02   1.0483372e+02  -1.5156518e+02
  -8.2690477e+01  -2.6651798e+01  -4.3666570e+01   5.3746374e+02   1.0483220e+02  -1.5040662e+02
  -8.0174473e+01  -2.5541077e+01  -4.3889166e+01   5.5448936e+02   1.0451918e+02  -1.4936032e+02
  -7.7559419e+01  -2.4319197e+01  -4.4128928e+01   5.7180290e+02   1.0391622e+02  -1.4843678e+02
  -7.4871012e+01  -2.2993585e+01  -4.4379025e+01   5.8937113e+02   1.0304357e+02  -1.4763985e+02
  -7.2126671e+01  -2.1570643e+01  -4.4631688e+01   6.0717049e+02   1.0192021e+02  -1.4696790e+02
  -6.9338395e+01  -2.0057116e+01  -4.4878541e+01   6.2518466e+02   1.0056396e+02  -1.4641513e+02
  -6.6515171e+01  -1.8461079e+01  -4.5111111e+01   6.4340231e+02   9.8991349e+01  -1.4597283e+02
  -6.3664755e+01  -1.6792592e+01  -4.5321393e+01   6.6181493e+02   9.7217605e+01  -1.4563055e+02
  -6.0794632e+01  -1.5063844e+01  -4.5502401e+01   6.8041525e+02   9.5256560e+01  -1.4537694e+02
  -5.7912154e+01  -1.3288833e+01  -4.5648582e+01   6.9919633e+02   9.3120696e+01  -1.4520047e+02
  -5.5024278e+01  -1.1482718e+01  -4.5756085e+01   7.1815109e+02   9.0821289e+01  -1.4508990e+02
  -5.2136838e+01  -9.6607906e+00  -4.5822820e+01   7.3727254e+02   8.8368699e+01  -1.4503464e+02
  -4.9254039e+01  -7.8374555e+00  -4.5848336e+01   7.5655412e+02   8.5772774e+01  -1.4502493e+02
  -4.6377820e+01  -6.0251327e+00  -4.5833472e+01   7.7599040e+02   8.3043362e+01  -1.4505197e+02
  -4.3507915e+01  -4.2334428e+00  -4.5779956e+01   7.9557750e+02   8.0190824e+01  -1.4510807e+02
  -4.0642039e+01  -2.4686478e+00  -4.5689890e+01   8.1531350e+02   7.7226556e+01  -1.4518666e+02
  -3.7776624e+01  -7.3353123e-01  -4.5565274e+01   8.3519845e+02   7.4163402e+01  -1.4528236e+02
  -3.4907602e+01   9.7242661e-01  -4.5407635e+01   8.5523409e+02   7.1015937e+01  -1.4539096e+02
  -3.2031487e+01   2.6524311e+00  -4.5217697e+01   8.7542346e+02   6.7800741e+01  -1.4550938e+02
  -2.9146196e+01   4.3116458e+00  -4.4995352e+01   8.9577006e+02   6.4536445e+01  -1.4563548e+02
  -2.6251567e+01   5.9563304e+00  -4.4739597e+01   9.1627722e+02   6.1243855e+01  -1.4576796e+02
  -2.3349769e+01   7.5929036e+00  -4.4448731e+01   9.3694724e+02   5.7945903e+01  -1.4590607e+02
  -2.0445359e+01   9.2271777e+00  -4.4120562e+01   9.5778065e+02   5.4667633e+01  -1.4604944e+02
  -1.7545010e+01   1.0863625e+01  -4.3752626e+01   9.7877569e+02   5.1436114e+01  -1.4619783e+02
  -1.4657013e+01   1.2504856e+01  -4.3342442e+01   9.9992773e+02   4.8280260e+01  -1.4635110e+02
  -1.1791210e+01   1.4151332e+01  -4.2887724e+01   1.0212290e+03   4.5230558e+01  -1.4650912e+02
  -8.9578565e+00   1.5801050e+01  -4.2386410e+01   1.0426685e+03   4.2318812e+01  -1.4667197e+02
  -6.1679478e+00   1.7449694e+01  -4.1836803e+01   1.0642319e+03   3.9577627e+01  -1.4684012e+02
  -3.4321889e+00   1.9090735e+01  -4.1237469e+01   1.0859017e+03   3.7040017e+01  -1.4701476e+02
  -7.6102726e-01   2.0715701e+01  -4.0587106e+01   1.1076571e+03   3.4738783e+01  -1.4719822e+02
   1.8356318e+00   2.2314682e+01  -3.9884462e+01   1.1294749e+03   3.2705875e+01  -1.4739428e+02
   4.3482588e+00   2.3876796e+01  -3.9128142e+01   1.1513290e+03   3.0971644e+01  -1.4760850e+02
   6.7683854e+00   2.5390589e+01  -3.8316391e+01   1.1731909e+03   2.9564273e+01  -1.4784830e+02
   9.0879183e+00   2.6844594e+01  -3.7447092e+01   1.1950300e+03   2.8508859e+01  -1.4812291e+02
   1.1299408e+01   2.8227689e+01  -3.6517739e+01   1.2168136e+03   2.7826757e+01  -1.4844303e+02
   1.3395826e+01   2.9529432e+01  -3.5525662e+01   1.2385070e+03   2.7534825e+01  -1.4882024e+02
   1.5370603e+01   3.0740414e+01  -3.4468277e+01   1.2600733e+03   2.7644769e+01  -1.4926627e+02
   1.7217710e+01   3.1852565e+01  -3.3343629e+01   1.2814734e+03   2.8162454e+01  -1.4979203e+02
   1.8931822e+01   3.2859408e+01  -3.2150975e+01   1.3026659e+03   2.9087303e+01  -1.5040663e+02
   2.0508368e+01   3.3756396e+01  -3.0891457e+01   1.3236066e+03   3.0411737e+01  -1.5111646e+02
   2.1944023e+01   3.4541159e+01  -2.9568703e+01   1.3442488e+03   3.2120687e+01  -1.5192433e+02
   2.3237138e+01   3.5213703e+01  -2.8189388e+01   1.3645427e+03   3.4191190e+01  -1.5282885e+02
   2.4387767e+01   3.5776526e+01  -2.6763594e+01   1.3844362e+03   3.6592004e+01  -1.5382418e+02
   2.5398320e+01   3.6234621e+01  -2.5304932e+01   1.4038748e+03   3.9283479e+01  -1.5489997e+02
   2.6273437e+01   3.6595242e+01  -2.3830384e+01   1.4228027e+03   4.2217512e+01  -1.5604183e+02
   2.7020299e+01   3.6867751e+01  -2.2359875e+01   1.4411640e+03   4.5337746e+01  -1.5723200e+02
   2.7648356e+01   3.7063153e+01  -2.0915508e+01   1.4589039e+03   4.8580154e+01  -1.5845048e+02
   2.8169091e+01   3.7193644e+01  -1.9520544e+01   1.4759709e+03   5.1873998e+01  -1.5967629e+02
   2.8595126e+01   3.7272123e+01  -1.8198328e+01   1.4923180e+03   5.5143158e+01  -1.6088886e+02
   2.8939830e+01   3.7311536e+01  -1.6970994e+01   1.5079047e+03   5.8308119e+01  -1.6206953e+02
   2.9216157e+01   3.7324258e+01  -1.5858397e+01   1.5226989e+03   6.1288208e+01  -1.6320279e+02
   2.9435297e+01   3.7321633e+01  -1.4877157e+01   1.5366775e+03   6.4004207e+01  -1.6427736e+02
   2.9606112e+01   3.7313321e+01  -1.4039993e+01   1.5498277e+03   6.6381384e+01  -1.6528680e+02
   2.9734054e+01   3.7307048e+01  -1.3355328e+01   1.5621474e+03   6.8352400e+01  -1.6622982e+02
   2.9821099e+01   3.7308366e+01  -1.2827178e+01   1.5736446e+03   6.9860448e+01  -1.6710993e+02
   2.9865507e+01   3.7320651e+01  -1.2455242e+01   1.5843373e+03   7.0862090e+01  -1.6793483e+02
   2.9862960e+01   3.7345180e+01  -1.2235153e+01   1.5942518e+03   7.1329958e+01  -1.6871528e+02
   2.9806649e+01   3.7381555e+01  -1.2158786e+01   1.6034215e+03   7.1254837e+01  -1.6946376e+02
   2.9689598e+01   3.7427971e+01  -1.2214611e+01   1.6118844e+03   7.0647316e+01  -1.7019287e+02
   2.9505774e+01   3.7481724e+01  -1.2388028e+01   1.6196802e+03   6.9538476e+01  -1.7091384e+02
   2.9251810e+01   3.7539647e+01  -1.2661826e+01   1.6268483e+03   6.7979543e+01  -1.7163501e+02
   2.8928381e+01   3.7598482e+01  -1.3016599e+01   1.6334244e+03   6.6040525e+01  -1.7236070e+02
   2.8541042e+01   3.7655246e+01  -1.3431379e+01   1.6394386e+03   6.3807400e+01  -1.7309044e+02
   2.8100996e+01   3.7707421e+01  -1.3884332e+01   1.6449132e+03   6.1378168e+01  -1.7381871e+02
   2.7624383e+01   3.7753163e+01  -1.4353614e+01   1.6498622e+03   5.8857648e+01  -1.7453536e+02
   2.7130995e+01   3.7791369e+01  -1.4818312e+01   1.6542916e+03   5.6351448e+01  -1.7522654e+02
   2.6642961e+01   3.7821680e+01  -1.5259519e+01   1.6582012e+03   5.3959236e+01  -1.7587628e+02
