   2.2652186e+01  -2.3442259e+00  -1.4603401e+01   2.0977509e+02   7.5428220e+01  -2.0979357e+02
   2.0767318e+01  -1.9360012e+00  -1.4075327e+01   2.1254859e+02   7.3570540e+01  -2.1006125e+02
   1.8871237e+01  -1.5399188e+00  -1.3522753e+01   2.1532148e+02   7.1772662e+01  -2.1032066e+02
   1.6979265e+01  -1.1656943e+00  -1.2962034e+01   2.1806462e+02   7.0074811e+01  -2.1055495e+02
   1.5104963e+01  -8.2054971e-01  -1.2410600e+01   2.2075148e+02   6.8510695e+01  -2.1074732e+02
   1.3260595e+01  -5.0888924e-01  -1.1886073e+01   2.2335836e+02   6.7105205e+01  -2.1088236e+02
   1.1457334e+01  -2.3217817e-01  -1.1405186e+01   2.2586459e+02   6.5873058e+01  -2.1094715e+02
   9.7052582e+00   1.0920272e-02  -1.0982670e+01   2.2825285e+02   6.4818508e+01  -2.1093235e+02
   8.0131114e+00   2.2417926e-01  -1.0630149e+01   2.3050956e+02   6.3936075e+01  -2.1083295e+02
   6.3880513e+00   4.1321324e-01  -1.0355187e+01   2.3262507e+02   6.3212068e+01  -2.1064878e+02
   4.8355215e+00   5.8471932e-01  -1.0160627e+01   2.3459378e+02   6.2626689e+01  -2.1038464e+02
   3.3593132e+00   7.4565092e-01  -1.0044293e+01   2.3641376e+02   6.2156408e+01  -2.1005014e+02
   1.9619246e+00   9.0239522e-01  -9.9991975e+00   2.3808618e+02   6.1776359e+01  -2.0965912e+02
   6.4504954e-01   1.0600768e+00  -1.0014165e+01   2.3961446e+02   6.1462528e+01  -2.0922881e+02
  -5.8986068e-01   1.2220314e+00  -1.0074913e+01   2.4100341e+02   6.1193537e+01  -2.0877867e+02
  -1.7411447e+00   1.3895129e+00  -1.0165397e+01   2.4225840e+02   6.0951908e+01  -2.0832903e+02
  -2.8066911e+00   1.5616500e+00  -1.0269318e+01   2.4338489e+02   6.0724736e+01  -2.0789966e+02
  -3.7840208e+00   1.7356629e+00  -1.0371565e+01   2.4438817e+02   6.0503785e+01  -2.0750833e+02
  -4.6706110e+00   1.9072946e+00  -1.0459443e+01   2.4527345e+02   6.0285061e+01  -2.0716965e+02
  -5.4644702e+00   2.0714203e+00  -1.0523511e+01   2.4604613e+02   6.0068025e+01  -2.0689415e+02
  -6.1647390e+00   2.2227203e+00  -1.0557995e+01   2.4671215e+02   5.9854586e+01  -2.0668780e+02
  -6.7722496e+00   2.3563439e+00  -1.0560746e+01   2.4727829e+02   5.9648059e+01  -2.0655201e+02
  -7.2898835e+00   2.4684594e+00  -1.0532842e+01   2.4775235e+02   5.9452223e+01  -2.0648401e+02
  -7.7226850e+00   2.5566323e+00  -1.0477936e+01   2.4814315e+02   5.9270578e+01  -2.0647749e+02
  -8.0776872e+00   2.6200013e+00  -1.0401502e+01   2.4846032e+02   5.9105840e+01  -2.0652353e+02
  -8.3635492e+00   2.6592663e+00  -1.0310035e+01   2.4871400e+02   5.8959683e+01  -2.0661150e+02
  -8.5900140e+00   2.6765118e+00  -1.0210326e+01   2.4891442e+02   5.8832686e+01  -2.0673005e+02
  -8.7673287e+00   2.6749237e+00  -1.0108817e+01   2.4907151e+02   5.8724434e+01  -2.0686792e+02
  -8.9056473e+00   2.6584363e+00  -1.0011113e+01   2.4919453e+02   5.8633726e+01  -2.0701465e+02
  -9.0145224e+00   2.6313632e+00  -9.9216315e+00   2.4929172e+02   5.8558830e+01  -2.0716116e+02
  -9.1024887e+00   2.5980367e+00  -9.8434352e+00   2.4937016e+02   5.8497731e+01  -2.0730008e+02
  -9.1767712e+00   2.5624901e+00  -9.7782017e+00   2.4943558e+02   5.8448351e+01  -2.0742592e+02
  -9.2431518e+00   2.5282025e+00  -9.7263371e+00   2.4949243e+02   5.8408704e+01  -2.0753511e+02
  -9.3059301e+00   2.4979109e+00  -9.6871892e+00   2.4954390e+02   5.8377000e+01  -2.0762584e+02
  -9.3680013e+00   2.4735034e+00  -9.6593274e+00   2.4959212e+02   5.8351675e+01  -2.0769784e+02
  -9.4310155e+00   2.4559922e+00  -9.6408382e+00   2.4963826e+02   5.8331393e+01  -2.0775206e+02
  -9.4956086e+00   2.4455629e+00  -9.6296081e+00   2.4968285e+02   5.8315012e+01  -2.0779031e+02
  -9.5616334e+00   2.4416800e+00  -9.6235829e+00   2.4972587e+02   5.8301546e+01  -2.0781495e+02
  -9.6284240e+00   2.4432457e+00  -9.6209475e+00   2.4976703e+02   5.8290132e+01  -2.0782855e+02
  -9.6950296e+00   2.4487826e+00  -9.6202650e+00   2.4980590e+02   5.8280024e+01  -2.0783364e+02
  -9.7604252e+00   2.4566283e+00  -9.6205336e+00   2.4984202e+02   5.8270603e+01  -2.0783254e+02
  -9.8236610e+00   2.4651147e+00  -9.6212128e+00   2.4987504e+02   5.8261415e+01  -2.0782724e+02
  -9.8839966e+00   2.4727337e+00  -9.6221792e+00   2.4990478e+02   5.8252215e+01  -2.0781939e+02
  -9.9409522e+00   2.4782559e+00  -9.6236777e+00   2.4993127e+02   5.8243014e+01  -2.0781025e+02
  -9.9943362e+00   2.4808161e+00  -9.6262281e+00   2.4995478e+02   5.8234120e+01  -2.0780083e+02
  -1.0044233e+01   2.4799560e+00  -9.6305155e+00   2.4997586e+02   5.8226143e+01  -2.0779193e+02
  -1.0090961e+01   2.4756239e+00  -9.6372898e+00   2.4999534e+02   5.8219979e+01  -2.0778428e+02
  -1.0135040e+01   2.4681485e+00  -9.6472431e+00   2.5001429e+02   5.8216751e+01  -2.0777858e+02
  -1.0177138e+01   2.4581779e+00  -9.6609189e+00   2.5003406e+02   5.8217730e+01  -2.0777564e+02
  -1.0218049e+01   2.4466036e+00  -9.6786369e+00   2.5005618e+02   5.8224221e+01  -2.0777638e+02
  -1.0258661e+01   2.4344678e+00  -9.7004507e+00   2.5008233e+02   5.8237453e+01  -2.0778191e+02
  -1.0299941e+01   2.4228648e+00  -9.7261419e+00   2.5011426e+02   5.8258466e+01  -2.0779352e+02
  -1.0342921e+01   2.4128443e+00  -9.7552430e+00   2.5015373e+02   5.8288026e+01  -2.0781266e+02
  -1.0388671e+01   2.4053176e+00  -9.7870958e+00   2.5020240e+02   5.8326578e+01  -2.0784095e+02
  -1.0438247e+01   2.4009811e+00  -9.8209308e+00   2.5026174e+02   5.8374243e+01  -2.0788008e+02
  -1.0492644e+01   2.4002687e+00  -9.8559473e+00   2.5033300e+02   5.8430872e+01  -2.0793187e+02
  -1.0552682e+01   2.4033165e+00  -9.8914444e+00   2.5041713e+02   5.8496140e+01  -2.0799819e+02
  -1.0618932e+01   2.4099720e+00  -9.9269424e+00   2.5051480e+02   5.8569672e+01  -2.0808098e+02
  -1.0691613e+01   2.4198263e+00  -9.9623168e+00   2.5062642e+02   5.8651186e+01  -2.0818227e+02
  -1.0770549e+01   2.4322747e+00  -9.9979227e+00   2.5075222e+02   5.8740621e+01  -2.0830422e+02
  -1.0855163e+01   2.4465967e+00  -1.0034692e+01   2.5089228e+02   5.8838237e+01  -2.0844910e+02
  -1.0944562e+01   2.4620465e+00  -1.0074201e+01   2.5104670e+02   5.8944670e+01  -2.0861931e+02
  -1.1037666e+01   2.4779434e+00  -1.0118669e+01   2.5121560e+02   5.9060948e+01  -2.0881740e+02
  -1.1133410e+01   2.4937521e+00  -1.0170902e+01   2.5139924e+02   5.9188454e+01  -2.0904599e+02
  -1.1230940e+01   2.5091370e+00  -1.0234192e+01   2.5159801e+02   5.9328860e+01  -2.0930770e+02
  -1.1329826e+01   2.5239980e+00  -1.0312114e+01   2.5181244e+02   5.9484039e+01  -2.0960503e+02
  -1.1430215e+01   2.5384746e+00  -1.0408276e+01   2.5204313e+02   5.9655974e+01  -2.0994023e+02
  -1.1532915e+01   2.5529278e+00  -1.0526016e+01   2.5229061e+02   5.9846668e+01  -2.1031511e+02
  -1.1639419e+01   2.5679010e+00  -1.0668066e+01   2.5255528e+02   6.0058097e+01  -2.1073085e+02
  -1.1751810e+01   2.5840566e+00  -1.0836260e+01   2.5283723e+02   6.0292169e+01  -2.1118779e+02
  -1.1872621e+01   2.6021033e+00  -1.1031274e+01   2.5313619e+02   6.0550730e+01  -2.1168524e+02
  -1.2004654e+01   2.6227148e+00  -1.1252465e+01   2.5345147e+02   6.0835575e+01  -2.1222126e+02
  -1.2150756e+01   2.6464431e+00  -1.1497787e+01   2.5378196e+02   6.1148489e+01  -2.1279256e+02
  -1.2313646e+01   2.6736419e+00  -1.1763852e+01   2.5412626e+02   6.1491270e+01  -2.1339440e+02
  -1.2495762e+01   2.7044044e+00  -1.2046058e+01   2.5448276e+02   6.1865766e+01  -2.1402053e+02
  -1.2699170e+01   2.7385232e+00  -1.2338828e+01   2.5484987e+02   6.2273895e+01  -2.1466327e+02
  -1.2925525e+01   2.7754802e+00  -1.2635892e+01   2.5522615e+02   6.2717659e+01  -2.1531359e+02
  -1.3176088e+01   2.8144706e+00  -1.2930623e+01   2.5561053e+02   6.3199145e+01  -2.1596130e+02
  -1.3451797e+01   2.8544637e+00  -1.3216361e+01   2.5600246e+02   6.3720533e+01  -2.1659530e+02
  -1.3753358e+01   2.8942921e+00  -1.3486711e+01   2.5640197e+02   6.4284093e+01  -2.1720386e+02
  -1.4081332e+01   2.9327552e+00  -1.3735825e+01   2.5680976e+02   6.4892198e+01  -2.1777495e+02
  -1.4436233e+01   2.9687324e+00  -1.3958605e+01   2.5722717e+02   6.5547337e+01  -2.1829661e+02
  -1.4818590e+01   3.0012920e+00  -1.4150839e+01   2.5765611e+02   6.6252152e+01  -2.1875732e+02
  -1.5228970e+01   3.0297641e+00  -1.4309307e+01   2.5809901e+02   6.7009474e+01  -2.1914640e+02
  -1.5668005e+01   3.0538082e+00  -1.4431785e+01   2.5855870e+02   6.7822370e+01  -2.1945435e+02
  -1.6136357e+01   3.0734225e+00  -1.4517050e+01   2.5903832e+02   6.8694175e+01  -2.1967324e+02
  -1.6634698e+01   3.0889385e+00  -1.4564830e+01   2.5954127e+02   6.9628514e+01  -2.1979699e+02
  -1.7163680e+01   3.1009773e+00  -1.4575748e+01   2.6007120e+02   7.0629278e+01  -2.1982163e+02
  -1.7723912e+01   3.1103930e+00  -1.4551236e+01   2.6063206e+02   7.1700567e+01  -2.1974548e+02
  -1.8315975e+01   3.1182059e+00  -1.4493451e+01   2.6122815e+02   7.2846573e+01  -2.1956921e+02
  -1.8940438e+01   3.1255377e+00  -1.4405170e+01   2.6186431e+02   7.4071427e+01  -2.1929584e+02
  -1.9597925e+01   3.1335537e+00  -1.4289696e+01   2.6254603e+02   7.5379011e+01  -2.1893057e+02
  -2.0289186e+01   3.1434249e+00  -1.4150744e+01   2.6327971e+02   7.6772745e+01  -2.1848060e+02
  -2.1015183e+01   3.1562946e+00  -1.3992381e+01   2.6407283e+02   7.8255393e+01  -2.1795479e+02
  -2.1777186e+01   3.1732687e+00  -1.3818960e+01   2.6493418e+02   7.9828892e+01  -2.1736331e+02
  -2.2576864e+01   3.1954068e+00  -1.3635113e+01   2.6587405e+02   8.1494225e+01  -2.1671717e+02
  -2.3416368e+01   3.2237302e+00  -1.3445763e+01   2.6690441e+02   8.3251374e+01  -2.1602786e+02
  -2.4298429e+01   3.2592489e+00  -1.3256115e+01   2.6803909e+02   8.5099347e+01  -2.1530690e+02
  -2.5226448e+01   3.3029862e+00  -1.3071695e+01   2.6929388e+02   8.7036272e+01  -2.1456543e+02
  -2.6204592e+01   3.3560333e+00  -1.2898319e+01   2.7068661e+02   8.9059576e+01  -2.1381388e+02
  -2.7237885e+01   3.4196137e+00  -1.2742045e+01   2.7223712e+02   9.1166236e+01  -2.1306164e+02
  -2.8332316e+01   3.4951801e+00  -1.2609049e+01   2.7396725e+02   9.3353059e+01  -2.1231682e+02
  -2.9494899e+01   3.5845237e+00  -1.2505444e+01   2.7590068e+02   9.5617025e+01  -2.1158602e+02
  -3.0733742e+01   3.6899198e+00  -1.2437033e+01   2.7806268e+02   9.7955599e+01  -2.1087422e+02
  -3.2058030e+01   3.8142795e+00  -1.2408997e+01   2.8047978e+02   1.0036705e+02  -2.1018465e+02
  -3.3477945e+01   3.9613023e+00  -1.2425562e+01   2.8317936e+02   1.0285064e+02  -2.0951877e+02
  -3.5004469e+01   4.1356053e+00  -1.2489670e+01   2.8618911e+02   1.0540680e+02  -2.0887630e+02
  -3.6649041e+01   4.3427977e+00  -1.2602662e+01   2.8953642e+02   1.0803703e+02  -2.0825520e+02
  -3.8423039e+01   4.5894554e+00  -1.2764075e+01   2.9324763e+02   1.1074375e+02  -2.0765186e+02
  -4.0337048e+01   4.8829837e+00  -1.2971436e+01   2.9734722e+02   1.1352993e+02  -2.0706114e+02
  -4.2399924e+01   5.2312981e+00  -1.3220192e+01   3.0185688e+02   1.1639860e+02  -2.0647660e+02
  -4.4617689e+01   5.6423392e+00  -1.3503679e+01   3.0679457e+02   1.1935223e+02  -2.0589076e+02
  -4.6992230e+01   6.1233609e+00  -1.3813182e+01   3.1217361e+02   1.2239212e+02  -2.0529556e+02
  -4.9520075e+01   6.6800875e+00  -1.4137993e+01   3.1800191e+02   1.2551780e+02  -2.0468294e+02
  -5.2191150e+01   7.3156879e+00  -1.4465650e+01   3.2428150e+02   1.2872656e+02  -2.0404578e+02
  -5.4987827e+01   8.0297206e+00  -1.4782264e+01   3.3100840e+02   1.3201314e+02  -2.0337892e+02
  -5.7884323e+01   8.8171287e+00  -1.5073194e+01   3.3817305e+02   1.3536959e+02  -2.0268032e+02
  -6.0846524e+01   9.6674474e+00  -1.5324221e+01   3.4576118e+02   1.3878540e+02  -2.0195208e+02
  -6.3832409e+01   1.0564469e+01  -1.5523241e+01   3.5375537e+02   1.4224766e+02  -2.0120101e+02
  -6.6793108e+01   1.1486547e+01  -1.5662355e+01   3.6213682e+02   1.4574155e+02  -2.0043854e+02
  -6.9674552e+01   1.2407643e+01  -1.5740131e+01   3.7088737e+02   1.4925093e+02  -1.9967969e+02
  -7.2419778e+01   1.3299079e+01  -1.5763273e+01   3.7999132e+02   1.5275919e+02  -1.9894136e+02
  -7.4971727e+01   1.4131701e+01  -1.5746954e+01   3.8943671e+02   1.5624987e+02  -1.9824021e+02
  -7.7276363e+01   1.4878063e+01  -1.5713465e+01   3.9921589e+02   1.5970675e+02  -1.9759085e+02
  -7.9285869e+01   1.5514214e+01  -1.5688933e+01   4.0932513e+02   1.6311288e+02  -1.9700493e+02
  -8.0961273e+01   1.6020815e+01  -1.5699343e+01   4.1976341e+02   1.6644913e+02  -1.9649093e+02
  -8.2274304e+01   1.6383572e+01  -1.5766641e+01   4.3053057e+02   1.6969268e+02  -1.9605445e+02
  -8.3208257e+01   1.6593225e+01  -1.5905924e+01   4.4162545e+02   1.7281638e+02  -1.9569860e+02
  -8.3758104e+01   1.6645381e+01  -1.6123997e+01   4.5304424e+02   1.7578911e+02  -1.9542417e+02
  -8.3930085e+01   1.6540439e+01  -1.6419142e+01   4.6477968e+02   1.7857708e+02  -1.9522969e+02
  -8.3740877e+01   1.6283613e+01  -1.6781947e+01   4.7682096e+02   1.8114564e+02  -1.9511142e+02
  -8.3216376e+01   1.5884952e+01  -1.7196944e+01   4.8915442e+02   1.8346141e+02  -1.9506342e+02
  -8.2390016e+01   1.5359147e+01  -1.7644759e+01   5.0176466e+02   1.8549430e+02  -1.9507795e+02
  -8.1300628e+01   1.4724931e+01  -1.8104482e+01   5.1463574e+02   1.8721932e+02  -1.9514596e+02
  -7.9989869e+01   1.4004000e+01  -1.8555967e+01   5.2775223e+02   1.8861782e+02  -1.9525800e+02
  -7.8499455e+01   1.3219540e+01  -1.8981695e+01   5.4109986e+02   1.8967811e+02  -1.9540504e+02
  -7.6868541e+01   1.2394578e+01  -1.9368015e+01   5.5466586e+02   1.9039533e+02  -1.9557926e+02
  -7.5131577e+01   1.1550446e+01  -1.9705667e+01   5.6843901e+02   1.9077056e+02  -1.9577460e+02
  -7.3316904e+01   1.0705572e+01  -1.9989682e+01   5.8240959e+02   1.9080954e+02  -1.9598692e+02
  -7.1446244e+01   9.8747947e+00  -2.0218846e+01   5.9656933e+02   1.9052096e+02  -1.9621395e+02
  -6.9534985e+01   9.0691798e+00  -2.0394909e+01   6.1091149e+02   1.8991496e+02  -1.9645489e+02
  -6.7593047e+01   8.2962434e+00  -2.0521857e+01   6.2543097e+02   1.8900172e+02  -1.9670998e+02
  -6.5626167e+01   7.5604841e+00  -2.0605189e+01   6.4012451e+02   1.8779060e+02  -1.9698004e+02
  -6.3637249e+01   6.8640182e+00  -2.0651434e+01   6.5499079e+02   1.8628969e+02  -1.9726604e+02
  -6.1627638e+01   6.2072293e+00  -2.0667743e+01   6.7003053e+02   1.8450577e+02  -1.9756886e+02
  -5.9598228e+01   5.5893693e+00  -2.0661566e+01   6.8524638e+02   1.8244466e+02  -1.9788909e+02
  -5.7550191e+01   5.0090131e+00  -2.0640398e+01   7.0064278e+02   1.8011177e+02  -1.9822695e+02
  -5.5485542e+01   4.4644548e+00  -2.0611401e+01   7.1622560e+02   1.7751276e+02  -1.9858231e+02
  -5.3407253e+01   3.9539398e+00  -2.0581149e+01   7.3200171e+02   1.7465417e+02  -1.9895466e+02
  -5.1319286e+01   3.4758829e+00  -2.0555196e+01   7.4797851e+02   1.7154398e+02  -1.9934310e+02
  -4.9226253e+01   3.0289505e+00  -2.0537845e+01   7.6416341e+02   1.6819197e+02  -1.9974636e+02
  -4.7133066e+01   2.6121357e+00  -2.0531891e+01   7.8056328e+02   1.6461000e+02  -2.0016276e+02
  -4.5044460e+01   2.2247593e+00  -2.0538572e+01   7.9718410e+02   1.6081207e+02  -2.0059013e+02
  -4.2964523e+01   1.8664186e+00  -2.0557647e+01   8.1403057e+02   1.5681428e+02  -2.0102587e+02
  -4.0896342e+01   1.5368972e+00  -2.0587638e+01   8.3110592e+02   1.5263479e+02  -2.0146688e+02
  -3.8841633e+01   1.2360036e+00  -2.0626258e+01   8.4841179e+02   1.4829368e+02  -2.0190976e+02
  -3.6800780e+01   9.6346829e-01  -2.0670807e+01   8.6594832e+02   1.4381286e+02  -2.0235082e+02
  -3.4772695e+01   7.1871416e-01  -2.0718818e+01   8.8371412e+02   1.3921602e+02  -2.0278638e+02
  -3.2755126e+01   5.0078606e-01  -2.0768442e+01   9.0170650e+02   1.3452861e+02  -2.0321290e+02
  -3.0744993e+01   3.0828901e-01  -2.0818816e+01   9.1992155e+02   1.2977784e+02  -2.0362733e+02
  -2.8738809e+01   1.3941311e-01  -2.0870192e+01   9.3835422e+02   1.2499266e+02  -2.0402725e+02
  -2.6733203e+01  -7.9381576e-03  -2.0923842e+01   9.5699833e+02   1.2020374e+02  -2.0441117e+02
  -2.4725443e+01  -1.3594445e-01  -2.0981670e+01   9.7584641e+02   1.1544328e+02  -2.0477865e+02
  -2.2713694e+01  -2.4669816e-01  -2.1045744e+01   9.9488944e+02   1.1074491e+02  -2.0513046e+02
  -2.0697430e+01  -3.4193678e-01  -2.1117584e+01   1.0141165e+03   1.0614330e+02  -2.0546856e+02
  -1.8677520e+01  -4.2289022e-01  -2.1197543e+01   1.0335143e+03   1.0167382e+02  -2.0579607e+02
  -1.6656040e+01  -4.9025227e-01  -2.1284287e+01   1.0530666e+03   9.7372025e+01  -2.0611705e+02
  -1.4636300e+01  -5.4412249e-01  -2.1374382e+01   1.0727539e+03   9.3273055e+01  -2.0643623e+02
  -1.2622411e+01  -5.8418967e-01  -2.1462199e+01   1.0925526e+03   8.9410996e+01  -2.0675862e+02
  -1.0618898e+01  -6.0996672e-01  -2.1540119e+01   1.1124352e+03   8.5818126e+01  -2.0708905e+02
  -8.6303649e+00  -6.2106663e-01  -2.1598861e+01   1.1323697e+03   8.2524139e+01  -2.0743170e+02
  -6.6611270e+00  -6.1751855e-01  -2.1628087e+01   1.1523198e+03   7.9555341e+01  -2.0778964e+02
  -4.7150555e+00  -5.9997553e-01  -2.1617001e+01   1.1722450e+03   7.6933875e+01  -2.0816445e+02
  -2.7953705e+00  -5.6995903e-01  -2.1555214e+01   1.1921012e+03   7.4677011e+01  -2.0855592e+02
  -9.0488953e-01  -5.2979734e-01  -2.1433352e+01   1.2118412e+03   7.2796499e+01  -2.0896193e+02
   9.5382601e-01  -4.8254821e-01  -2.1243736e+01   1.2314157e+03   7.1298088e+01  -2.0937855e+02
   2.7780046e+00  -4.3170233e-01  -2.0980894e+01   1.2507739e+03   7.0181151e+01  -2.0980029e+02
   4.5644105e+00  -3.8093664e-01  -2.0642098e+01   1.2698647e+03   6.9438489e+01  -2.1022059e+02
   6.3088784e+00  -3.3370623e-01  -2.0227646e+01   1.2886376e+03   6.9056271e+01  -2.1063246e+02
   8.0061663e+00  -2.9297601e-01  -1.9741106e+01   1.3070431e+03   6.9014118e+01  -2.1102930e+02
   9.6497332e+00  -2.6092649e-01  -1.9189383e+01   1.3250336e+03   6.9285288e+01  -2.1140570e+02
   1.1232033e+01  -2.3888551e-01  -1.8582703e+01   1.3425638e+03   6.9836968e+01  -2.1175827e+02
   1.2744457e+01  -2.2716927e-01  -1.7934323e+01   1.3595907e+03   7.0630643e+01  -2.1208625e+02
   1.4177813e+01  -2.2515459e-01  -1.7260128e+01   1.3760743e+03   7.1622515e+01  -2.1239199e+02
   1.5522695e+01  -2.3137747e-01  -1.6578041e+01   1.3919774e+03   7.2764076e+01  -2.1268095e+02
   1.6769604e+01  -2.4354923e-01  -1.5907005e+01   1.4072662e+03   7.4002824e+01  -2.1296154e+02
   1.7909461e+01  -2.5881383e-01  -1.5266106e+01   1.4219110e+03   7.5283211e+01  -2.1324452e+02
   1.8933738e+01  -2.7387726e-01  -1.4673314e+01   1.4358866e+03   7.6547914e+01  -2.1354229e+02
   1.9834545e+01  -2.8519956e-01  -1.4144330e+01   1.4491737e+03   7.7739408e+01  -2.1386793e+02
   2.0604903e+01  -2.8923964e-01  -1.3691565e+01   1.4617593e+03   7.8801899e+01  -2.1423439e+02
   2.1238895e+01  -2.8269819e-01  -1.3323396e+01   1.4736378e+03   7.9683500e+01  -2.1465356e+02
   2.1731913e+01  -2.6272727e-01  -1.3043777e+01   1.4848112e+03   8.0338586e+01  -2.1513552e+02
   2.2081093e+01  -2.2715059e-01  -1.2852229e+01   1.4952892e+03   8.0730111e+01  -2.1568799e+02
   2.2285844e+01  -1.7461610e-01  -1.2744243e+01   1.5050888e+03   8.0831778e+01  -2.1631569e+02
   2.2348287e+01  -1.0466481e-01  -1.2711875e+01   1.5142327e+03   8.0629791e+01  -2.1702000e+02
   2.2273874e+01  -1.7774972e-02  -1.2744643e+01   1.5227478e+03   8.0124066e+01  -2.1779858e+02
   2.2071800e+01   8.4657435e-02  -1.2830488e+01   1.5306631e+03   7.9328753e+01  -2.1864512e+02
   2.1755172e+01   2.0042988e-01  -1.2956575e+01   1.5380063e+03   7.8271910e+01  -2.1954918e+02
   2.1341073e+01   3.2660697e-01  -1.3110200e+01   1.5448021e+03   7.6994328e+01  -2.2049635e+02
   2.0850106e+01   4.5970134e-01  -1.3279367e+01   1.5510690e+03   7.5547487e+01  -2.2146851e+02
   2.0305748e+01   5.9581619e-01  -1.3453377e+01   1.5568179e+03   7.3990731e+01  -2.2244450e+02
   1.9733246e+01   7.3085936e-01  -1.3623166e+01   1.5620513e+03   7.2387776e+01  -2.2340112e+02
   1.9158227e+01   8.6077413e-01  -1.3781516e+01   1.5667638e+03   7.0802736e+01  -2.2431450e+02
   1.8605098e+01   9.8178691e-01  -1.3923202e+01   1.5709443e+03   6.9296011e+01  -2.2516167e+02
