   2.1483552e+01   3.5643764e+00  -1.1095358e+01   2.0733368e+02   7.7866777e+01  -2.1043276e+02
   2.0683867e+01   3.3575575e+00  -1.0731706e+01   2.1017143e+02   7.6061947e+01  -2.1065939e+02
   1.9897561e+01   3.1559074e+00  -1.0352729e+01   2.1301039e+02   7.4315715e+01  -2.1087748e+02
   1.9117377e+01   2.9600904e+00  -9.9721405e+00   2.1582114e+02   7.2668196e+01  -2.1107117e+02
   1.8335182e+01   2.7708193e+00  -9.6039520e+00   2.1857684e+02   7.1153015e+01  -2.1122464e+02
   1.7542829e+01   2.5890734e+00  -9.2618210e+00   2.2125347e+02   6.9794982e+01  -2.1132327e+02
   1.6732968e+01   2.4161975e+00  -8.9583125e+00   2.2383002e+02   6.8608716e+01  -2.1135480e+02
   1.5899749e+01   2.2538957e+00  -8.7041994e+00   2.2628878e+02   6.7598358e+01  -2.1131035e+02
   1.5039366e+01   2.1041228e+00  -8.5077591e+00   2.2861575e+02   6.6758302e+01  -2.1118516e+02
   1.4150362e+01   1.9689151e+00  -8.3741339e+00   2.3080090e+02   6.6074735e+01  -2.1097905e+02
   1.3233691e+01   1.8502028e+00  -8.3048237e+00   2.3283821e+02   6.5527750e+01  -2.1069664e+02
   1.2292534e+01   1.7496445e+00  -8.2973833e+00   2.3472538e+02   6.5093732e+01  -2.1034715e+02
   1.1331917e+01   1.6685046e+00  -8.3454552e+00   2.3646324e+02   6.4747758e+01  -2.0994394e+02
   1.0358185e+01   1.6075791e+00  -8.4391217e+00   2.3805486e+02   6.4465787e+01  -2.0950365e+02
   9.3784420e+00   1.5671491e+00  -8.5656568e+00   2.3950471e+02   6.4226435e+01  -2.0904515e+02
   8.3999928e+00   1.5469456e+00  -8.7105656e+00   2.4081785e+02   6.4012245e+01  -2.0858825e+02
   7.4298783e+00   1.5461084e+00  -8.8588431e+00   2.4199939e+02   6.3810355e+01  -2.0815227e+02
   6.4745189e+00   1.5631435e+00  -8.9962587e+00   2.4305432e+02   6.3612589e+01  -2.0775468e+02
   5.5394784e+00   1.5958983e+00  -9.1105384e+00   2.4398757e+02   6.3415042e+01  -2.0740994e+02
   4.6293449e+00   1.6415871e+00  -9.1922591e+00   2.4480433e+02   6.3217281e+01  -2.0712853e+02
   3.7476993e+00   1.6968906e+00  -9.2353927e+00   2.4551040e+02   6.3021350e+01  -2.0691653e+02
   2.8971542e+00   1.7581437e+00  -9.2374489e+00   2.4611255e+02   6.2830713e+01  -2.0677552e+02
   2.0794415e+00   1.8215956e+00  -9.1992712e+00   2.4661864e+02   6.2649314e+01  -2.0670290e+02
   1.2955302e+00   1.8837047e+00  -9.1245462e+00   2.4703769e+02   6.2480823e+01  -2.0669257e+02
   5.4576369e-01   1.9414280e+00  -9.0191527e+00   2.4737959e+02   6.2328127e+01  -2.0673574e+02
  -1.6999310e-01   1.9924543e+00  -8.8904053e+00   2.4765483e+02   6.2193062e+01  -2.0682190e+02
  -8.5221535e-01   2.0353552e+00  -8.7462932e+00   2.4787404e+02   6.2076349e+01  -2.0693972e+02
  -1.5015886e+00   2.0696345e+00  -8.5947592e+00   2.4804757e+02   6.1977703e+01  -2.0707788e+02
  -2.1189073e+00   2.0956771e+00  -8.4430880e+00   2.4818509e+02   6.1896025e+01  -2.0722584e+02
  -2.7049969e+00   2.1146088e+00  -8.2974368e+00   2.4829523e+02   6.1829667e+01  -2.0737436e+02
  -3.2606716e+00   2.1280896e+00  -8.1625363e+00   2.4838541e+02   6.1776676e+01  -2.0751586e+02
  -3.7867188e+00   2.1380726e+00  -8.0415610e+00   2.4846166e+02   6.1735019e+01  -2.0764466e+02
  -4.2839030e+00   2.1465536e+00  -7.9361674e+00   2.4852867e+02   6.1702739e+01  -2.0775697e+02
  -4.7529911e+00   2.1553452e+00  -7.8466582e+00   2.4858979e+02   6.1678064e+01  -2.0785081e+02
  -5.1947832e+00   2.1658939e+00  -7.7722443e+00   2.4864725e+02   6.1659442e+01  -2.0792574e+02
  -5.6101430e+00   2.1791610e+00  -7.7113475e+00   2.4870232e+02   6.1645541e+01  -2.0798261e+02
  -6.0000253e+00   2.1955680e+00  -7.6619144e+00   2.4875553e+02   6.1635221e+01  -2.0802315e+02
  -6.3654984e+00   2.2150063e+00  -7.6217149e+00   2.4880689e+02   6.1627500e+01  -2.0804971e+02
  -6.7077547e+00   2.2369055e+00  -7.5885774e+00   2.4885607e+02   6.1621518e+01  -2.0806488e+02
  -7.0281163e+00   2.2603401e+00  -7.5605836e+00   2.4890262e+02   6.1616537e+01  -2.0807123e+02
  -7.3280307e+00   2.2841650e+00  -7.5361834e+00   2.4894608e+02   6.1611946e+01  -2.0807118e+02
  -7.6090604e+00   2.3071551e+00  -7.5142693e+00   2.4898607e+02   6.1607304e+01  -2.0806681e+02
  -7.8728615e+00   2.3281431e+00  -7.4941811e+00   2.4902242e+02   6.1602383e+01  -2.0805983e+02
  -8.1211573e+00   2.3461315e+00  -7.4756878e+00   2.4905516e+02   6.1597215e+01  -2.0805162e+02
  -8.3557044e+00   2.3603824e+00  -7.4589190e+00   2.4908459e+02   6.1592131e+01  -2.0804324e+02
  -8.5782527e+00   2.3704762e+00  -7.4442686e+00   2.4911130e+02   6.1587764e+01  -2.0803557e+02
  -8.7905038e+00   2.3763331e+00  -7.4322968e+00   2.4913616e+02   6.1585037e+01  -2.0802933e+02
  -8.9940711e+00   2.3782098e+00  -7.4236072e+00   2.4916029e+02   6.1585099e+01  -2.0802527e+02
  -9.1904456e+00   2.3766618e+00  -7.4187461e+00   2.4918508e+02   6.1589246e+01  -2.0802415e+02
  -9.3809706e+00   2.3724830e+00  -7.4181164e+00   2.4921212e+02   6.1598809e+01  -2.0802687e+02
  -9.5668295e+00   2.3666236e+00  -7.4219210e+00   2.4924313e+02   6.1615036e+01  -2.0803449e+02
  -9.7490476e+00   2.3600976e+00  -7.4301383e+00   2.4927993e+02   6.1638988e+01  -2.0804823e+02
  -9.9285036e+00   2.3538838e+00  -7.4425276e+00   2.4932431e+02   6.1671447e+01  -2.0806947e+02
  -1.0105952e+01   2.3488322e+00  -7.4586641e+00   2.4937798e+02   6.1712871e+01  -2.0809976e+02
  -1.0282049e+01   2.3455864e+00  -7.4779944e+00   2.4944248e+02   6.1763393e+01  -2.0814075e+02
  -1.0457379e+01   2.3445368e+00  -7.4998964e+00   2.4951907e+02   6.1822869e+01  -2.0819418e+02
  -1.0632472e+01   2.3457912e+00  -7.5237815e+00   2.4960876e+02   6.1890982e+01  -2.0826192e+02
  -1.0807818e+01   2.3491835e+00  -7.5491997e+00   2.4971225e+02   6.1967359e+01  -2.0834589e+02
  -1.0983871e+01   2.3543056e+00  -7.5759581e+00   2.4982998e+02   6.2051722e+01  -2.0844816e+02
  -1.1161047e+01   2.3605584e+00  -7.6042418e+00   2.4996215e+02   6.2144012e+01  -2.0857092e+02
  -1.1339718e+01   2.3672132e+00  -7.6347199e+00   2.5010886e+02   6.2244492e+01  -2.0871650e+02
  -1.1520213e+01   2.3734671e+00  -7.6686366e+00   2.5027018e+02   6.2353800e+01  -2.0888740e+02
  -1.1702816e+01   2.3785005e+00  -7.7078430e+00   2.5044621e+02   6.2472968e+01  -2.0908627e+02
  -1.1887775e+01   2.3815142e+00  -7.7547863e+00   2.5063718e+02   6.2603383e+01  -2.0931583e+02
  -1.2075322e+01   2.3817518e+00  -7.8124499e+00   2.5084348e+02   6.2746721e+01  -2.0957880e+02
  -1.2265700e+01   2.3785199e+00  -7.8841903e+00   2.5106564e+02   6.2904859e+01  -2.0987779e+02
  -1.2459198e+01   2.3711993e+00  -7.9735212e+00   2.5130428e+02   6.3079781e+01  -2.1021513e+02
  -1.2656200e+01   2.3592615e+00  -8.0838170e+00   2.5156001e+02   6.3273497e+01  -2.1059269e+02
  -1.2857233e+01   2.3422862e+00  -8.2179854e+00   2.5183330e+02   6.3487981e+01  -2.1101167e+02
  -1.3063023e+01   2.3199733e+00  -8.3781456e+00   2.5212436e+02   6.3725143e+01  -2.1147241e+02
  -1.3274529e+01   2.2921514e+00  -8.5653362e+00   2.5243304e+02   6.3986831e+01  -2.1197419e+02
  -1.3492970e+01   2.2587688e+00  -8.7793138e+00   2.5275880e+02   6.4274843e+01  -2.1251500e+02
  -1.3719822e+01   2.2198785e+00  -9.0184220e+00   2.5310066e+02   6.4590968e+01  -2.1309148e+02
  -1.3956795e+01   2.1756006e+00  -9.2796082e+00   2.5345734e+02   6.4937010e+01  -2.1369876e+02
  -1.4205782e+01   2.1260848e+00  -9.5585252e+00   2.5382736e+02   6.5314824e+01  -2.1433048e+02
  -1.4468793e+01   2.0714683e+00  -9.8497475e+00   2.5420919e+02   6.5726335e+01  -2.1497882e+02
  -1.4747875e+01   2.0118465e+00  -1.0147052e+01   2.5460150e+02   6.6173553e+01  -2.1563463e+02
  -1.5045032e+01   1.9472533e+00  -1.0443758e+01   2.5500325e+02   6.6658570e+01  -2.1628762e+02
  -1.5362136e+01   1.8776687e+00  -1.0733074e+01   2.5541394e+02   6.7183568e+01  -2.1692659e+02
  -1.5700867e+01   1.8030437e+00  -1.1008429e+01   2.5583362e+02   6.7750813e+01  -2.1753971e+02
  -1.6062650e+01   1.7233415e+00  -1.1263777e+01   2.5626301e+02   6.8362670e+01  -2.1811489e+02
  -1.6448627e+01   1.6385905e+00  -1.1493834e+01   2.5670347e+02   6.9021612e+01  -2.1864011e+02
  -1.6859637e+01   1.5489471e+00  -1.1694245e+01   2.5715693e+02   6.9730262e+01  -2.1910382e+02
  -1.7296227e+01   1.4547360e+00  -1.1861699e+01   2.5762585e+02   7.0491422e+01  -2.1949527e+02
  -1.7758669e+01   1.3564942e+00  -1.1993957e+01   2.5811306e+02   7.1308125e+01  -2.1980495e+02
  -1.8246992e+01   1.2549732e+00  -1.2089856e+01   2.5862174e+02   7.2183669e+01  -2.2002488e+02
  -1.8761022e+01   1.1511250e+00  -1.2149256e+01   2.5915531e+02   7.3121637e+01  -2.2014896e+02
  -1.9300424e+01   1.0460486e+00  -1.2172980e+01   2.5971744e+02   7.4125875e+01  -2.2017321e+02
  -1.9864739e+01   9.4092432e-01  -1.2162722e+01   2.6031210e+02   7.5200432e+01  -2.2009593e+02
  -2.0453416e+01   8.3692290e-01  -1.2120948e+01   2.6094363e+02   7.6349446e+01  -2.1991778e+02
  -2.1065833e+01   7.3511334e-01  -1.2050790e+01   2.6161687e+02   7.7576991e+01  -2.1964177e+02
  -2.1701315e+01   6.3636849e-01  -1.1955938e+01   2.6233736e+02   7.8886884e+01  -2.1927313e+02
  -2.2359144e+01   5.4128589e-01  -1.1840534e+01   2.6311151e+02   8.0282474e+01  -2.1881907e+02
  -2.3038567e+01   4.5010533e-01  -1.1709092e+01   2.6394686e+02   8.1766445e+01  -2.1828847e+02
  -2.3738811e+01   3.6264686e-01  -1.1566430e+01   2.6485223e+02   8.3340642e+01  -2.1769152e+02
  -2.4459109e+01   2.7823580e-01  -1.1417649e+01   2.6583799e+02   8.5005946e+01  -2.1703930e+02
  -2.5198743e+01   1.9564146e-01  -1.1268116e+01   2.6691619e+02   8.6762222e+01  -2.1634333e+02
  -2.5957092e+01   1.1303211e-01  -1.1123445e+01   2.6810076e+02   8.8608346e+01  -2.1561518e+02
  -2.6733708e+01   2.7909518e-02  -1.0989493e+01   2.6940762e+02   9.0542294e+01  -2.1486605e+02
  -2.7528386e+01  -6.2912256e-02  -1.0872316e+01   2.7085473e+02   9.2561328e+01  -2.1410643e+02
  -2.8341247e+01  -1.6331877e-01  -1.0778090e+01   2.7246214e+02   9.4662230e+01  -2.1334577e+02
  -2.9172804e+01  -2.7786513e-01  -1.0712988e+01   2.7425188e+02   9.6841594e+01  -2.1259222e+02
  -3.0024018e+01  -4.1170121e-01  -1.0682998e+01   2.7624788e+02   9.9096155e+01  -2.1185241e+02
  -3.0896314e+01  -5.7044952e-01  -1.0693714e+01   2.7847567e+02   1.0142311e+02  -2.1113132e+02
  -3.1791558e+01  -7.6002481e-01  -1.0750072e+01   2.8096208e+02   1.0382040e+02  -2.1043212e+02
  -3.2711982e+01  -9.8642906e-01  -1.0856094e+01   2.8373476e+02   1.0628698e+02  -2.0975617e+02
  -3.3660057e+01  -1.2555201e+00  -1.1014645e+01   2.8682171e+02   1.0882288e+02  -2.0910300e+02
  -3.4638311e+01  -1.5727734e+00  -1.1227210e+01   2.9025056e+02   1.1142919e+02  -2.0847031e+02
  -3.5649109e+01  -1.9430935e+00  -1.1493757e+01   2.9404784e+02   1.1410793e+02  -2.0785414e+02
  -3.6694393e+01  -2.3705822e+00  -1.1812587e+01   2.9823812e+02   1.1686163e+02  -2.0724894e+02
  -3.7775414e+01  -2.8583713e+00  -1.2180277e+01   3.0284303e+02   1.1969292e+02  -2.0664779e+02
  -3.8892450e+01  -3.4083925e+00  -1.2591623e+01   3.0788032e+02   1.2260394e+02  -2.0604272e+02
  -4.0044550e+01  -4.0211129e+00  -1.3039613e+01   3.1336287e+02   1.2559574e+02  -2.0542519e+02
  -4.1229272e+01  -4.6951379e+00  -1.3515424e+01   3.1929795e+02   1.2866777e+02  -2.0478675e+02
  -4.2442463e+01  -5.4267611e+00  -1.4008514e+01   3.2568669e+02   1.3181740e+02  -2.0411995e+02
  -4.3678080e+01  -6.2094192e+00  -1.4506821e+01   3.3252401e+02   1.3503970e+02  -2.0341950e+02
  -4.4928085e+01  -7.0332734e+00  -1.4997194e+01   3.3979904e+02   1.3832730e+02  -2.0268342e+02
  -4.6182514e+01  -7.8851470e+00  -1.5466137e+01   3.4749614e+02   1.4167051e+02  -2.0191411e+02
  -4.7429758e+01  -8.7490038e+00  -1.5900811e+01   3.5559638e+02   1.4505751e+02  -2.0111900e+02
  -4.8657108e+01  -9.6070863e+00  -1.6290173e+01   3.6407950e+02   1.4847477e+02  -2.0031042e+02
  -4.9851595e+01  -1.0441725e+01  -1.6626058e+01   3.7292596e+02   1.5190763e+02  -1.9950465e+02
  -5.1000946e+01  -1.1237336e+01  -1.6903840e+01   3.8211876e+02   1.5534108e+02  -1.9872015e+02
  -5.2094420e+01  -1.1981988e+01  -1.7122443e+01   3.9164484e+02   1.5876033e+02  -1.9797535e+02
  -5.3123282e+01  -1.2668112e+01  -1.7283744e+01   4.0149563e+02   1.6215079e+02  -1.9728682e+02
  -5.4080717e+01  -1.3291919e+01  -1.7391499e+01   4.1166673e+02   1.6549708e+02  -1.9666808e+02
  -5.4961405e+01  -1.3852186e+01  -1.7450301e+01   4.2215668e+02   1.6878142e+02  -1.9612926e+02
  -5.5760961e+01  -1.4348838e+01  -1.7464782e+01   4.3296518e+02   1.7198211e+02  -1.9567729e+02
  -5.6475523e+01  -1.4781926e+01  -1.7439203e+01   4.4409112e+02   1.7507277e+02  -1.9531611e+02
  -5.7101575e+01  -1.5151208e+01  -1.7377399e+01   4.5553101e+02   1.7802273e+02  -1.9504685e+02
  -5.7635941e+01  -1.5456166e+01  -1.7282923e+01   4.6727805e+02   1.8079827e+02  -1.9486787e+02
  -5.8075887e+01  -1.5696334e+01  -1.7159298e+01   4.7932205e+02   1.8336448e+02  -1.9477476e+02
  -5.8419265e+01  -1.5871733e+01  -1.7010294e+01   4.9165007e+02   1.8568743e+02  -1.9476052e+02
  -5.8664630e+01  -1.5983227e+01  -1.6840129e+01   5.0424742e+02   1.8773623e+02  -1.9481600e+02
  -5.8811333e+01  -1.6032701e+01  -1.6653543e+01   5.1709894e+02   1.8948493e+02  -1.9493057e+02
  -5.8859560e+01  -1.6023049e+01  -1.6455746e+01   5.3018990e+02   1.9091381e+02  -1.9509309e+02
  -5.8810307e+01  -1.5957951e+01  -1.6252218e+01   5.4350670e+02   1.9201013e+02  -1.9529291e+02
  -5.8665304e+01  -1.5841561e+01  -1.6048428e+01   5.5703711e+02   1.9276799e+02  -1.9552071e+02
  -5.8426863e+01  -1.5678165e+01  -1.5849516e+01   5.7077038e+02   1.9318759e+02  -1.9576920e+02
  -5.8097712e+01  -1.5471917e+01  -1.5659994e+01   5.8469710e+02   1.9327384e+02  -1.9603326e+02
  -5.7680805e+01  -1.5226725e+01  -1.5483541e+01   5.9880924e+02   1.9303484e+02  -1.9630992e+02
  -5.7179147e+01  -1.4946231e+01  -1.5322883e+01   6.1310017e+02   1.9248019e+02  -1.9659794e+02
  -5.6595674e+01  -1.4633988e+01  -1.5179823e+01   6.2756483e+02   1.9161970e+02  -1.9689733e+02
  -5.5933165e+01  -1.4293631e+01  -1.5055363e+01   6.4219994e+02   1.9046240e+02  -1.9720888e+02
  -5.5194214e+01  -1.3929110e+01  -1.4949918e+01   6.5700414e+02   1.8901608e+02  -1.9753364e+02
  -5.4381229e+01  -1.3544822e+01  -1.4863570e+01   6.7197805e+02   1.8728726e+02  -1.9787266e+02
  -5.3496444e+01  -1.3145636e+01  -1.4796319e+01   6.8712432e+02   1.8528144e+02  -1.9822675e+02
  -5.2541945e+01  -1.2736789e+01  -1.4748308e+01   7.0244734e+02   1.8300371e+02  -1.9859640e+02
  -5.1519653e+01  -1.2323569e+01  -1.4719925e+01   7.1795301e+02   1.8045935e+02  -1.9898169e+02
  -5.0431320e+01  -1.1910977e+01  -1.4711852e+01   7.3364828e+02   1.7765451e+02  -1.9938232e+02
  -4.9278471e+01  -1.1503231e+01  -1.4724951e+01   7.4954070e+02   1.7459672e+02  -1.9979757e+02
  -4.8062376e+01  -1.1103384e+01  -1.4760113e+01   7.6563782e+02   1.7129535e+02  -2.0022629e+02
  -4.6784010e+01  -1.0712985e+01  -1.4818013e+01   7.8194672e+02   1.6776184e+02  -2.0066683e+02
  -4.5444047e+01  -1.0331937e+01  -1.4898892e+01   7.9847359e+02   1.6400979e+02  -2.0111704e+02
  -4.4042893e+01  -9.9585278e+00  -1.5002356e+01   8.1522333e+02   1.6005500e+02  -2.0157429e+02
  -4.2580747e+01  -9.5896832e+00  -1.5127273e+01   8.3219935e+02   1.5591532e+02  -2.0203539e+02
  -4.1057725e+01  -9.2213701e+00  -1.5271803e+01   8.4940347e+02   1.5161064e+02  -2.0249687e+02
  -3.9473960e+01  -8.8490812e+00  -1.5433489e+01   8.6683592e+02   1.4716268e+02  -2.0295497e+02
  -3.7829779e+01  -8.4684448e+00  -1.5609584e+01   8.8449542e+02   1.4259503e+02  -2.0340594e+02
  -3.6125809e+01  -8.0756534e+00  -1.5797315e+01   9.0237935e+02   1.3793302e+02  -2.0384630e+02
  -3.4363076e+01  -7.6678238e+00  -1.5994233e+01   9.2048387e+02   1.3320377e+02  -2.0427301e+02
  -3.2543058e+01  -7.2431202e+00  -1.6198442e+01   9.3880401e+02   1.2843616e+02  -2.0468379e+02
  -3.0667687e+01  -6.8006776e+00  -1.6408701e+01   9.5733369e+02   1.2366073e+02  -2.0507728e+02
  -2.8739304e+01  -6.3403144e+00  -1.6624285e+01   9.7606560e+02   1.1890959e+02  -2.0545323e+02
  -2.6760615e+01  -5.8621725e+00  -1.6844703e+01   9.9499092e+02   1.1421625e+02  -2.0581257e+02
  -2.4734630e+01  -5.3663119e+00  -1.7069175e+01   1.0140990e+03   1.0961527e+02  -2.0615740e+02
  -2.2664653e+01  -4.8524348e+00  -1.7296061e+01   1.0333768e+03   1.0514193e+02  -2.0649091e+02
  -2.0554332e+01  -4.3197801e+00  -1.7522287e+01   1.0528086e+03   1.0083171e+02  -2.0681719e+02
  -1.8407744e+01  -3.7672423e+00  -1.7742861e+01   1.0723750e+03   9.6719745e+01  -2.0714091e+02
  -1.6229561e+01  -3.1937261e+00  -1.7950618e+01   1.0920530e+03   9.2840141e+01  -2.0746694e+02
  -1.4025229e+01  -2.5986806e+00  -1.8136300e+01   1.1118154e+03   8.9225250e+01  -2.0779992e+02
  -1.1801158e+01  -1.9826969e+00  -1.8288840e+01   1.1316305e+03   8.5904887e+01  -2.0814382e+02
  -9.5648566e+00  -1.3480894e+00  -1.8395995e+01   1.1514623e+03   8.2905522e+01  -2.0850151e+02
  -7.3249839e+00  -6.9930573e-01  -1.8445103e+01   1.1712708e+03   8.0249493e+01  -2.0887438e+02
  -5.0913052e+00  -4.3186533e-02  -1.8424142e+01   1.1910120e+03   7.7954291e+01  -2.0926209e+02
  -2.8744836e+00   6.1114850e-01  -1.8322643e+01   1.2106391e+03   7.6031912e+01  -2.0966244e+02
  -6.8576666e-01   1.2526736e+00  -1.8132627e+01   1.2301029e+03   7.4488365e+01  -2.1007149e+02
   1.4634400e+00   1.8691160e+00  -1.7849355e+01   1.2493531e+03   7.3323317e+01  -2.1048381e+02
   3.5619942e+00   2.4477953e+00  -1.7471961e+01   1.2683389e+03   7.2529891e+01  -2.1089296e+02
   5.5994545e+00   2.9766202e+00  -1.7003738e+01   1.2870101e+03   7.2094627e+01  -2.1129213e+02
   7.5663732e+00   3.4450723e+00  -1.6452203e+01   1.3053177e+03   7.1997570e+01  -2.1167492e+02
   9.4544511e+00   3.8451129e+00  -1.5828880e+01   1.3232146e+03   7.2212474e+01  -2.1203616e+02
   1.1256487e+01   4.1719093e+00  -1.5148835e+01   1.3406558e+03   7.2707096e+01  -2.1237274e+02
   1.2966175e+01   4.4243051e+00  -1.4429958e+01   1.3575990e+03   7.3443565e+01  -2.1268422e+02
   1.4577748e+01   4.6050023e+00  -1.3692062e+01   1.3740045e+03   7.4378795e+01  -2.1297326e+02
   1.6085564e+01   4.7204064e+00  -1.2955896e+01   1.3898355e+03   7.5465048e+01  -2.1324564e+02
   1.7483742e+01   4.7801479e+00  -1.2241892e+01   1.4050587e+03   7.6650629e+01  -2.1351011e+02
   1.8765877e+01   4.7963199e+00  -1.1569172e+01   1.4196445e+03   7.7880813e+01  -2.1377776e+02
   1.9924965e+01   4.7824683e+00  -1.0954398e+01   1.4335681e+03   7.9099087e+01  -2.1406126e+02
   2.0953514e+01   4.7524499e+00  -1.0410928e+01   1.4468101e+03   8.0248698e+01  -2.1437392e+02
   2.1843912e+01   4.7192911e+00  -9.9482030e+00   1.4593577e+03   8.1274559e+01  -2.1472885e+02
   2.2588947e+01   4.6941502e+00  -9.5715044e+00   1.4712052e+03   8.2125391e+01  -2.1513798e+02
   2.3182519e+01   4.6855479e+00  -9.2820499e+00   1.4823547e+03   8.2756059e+01  -2.1561142e+02
   2.3620395e+01   4.6989013e+00  -9.0773646e+00   1.4928157e+03   8.3129853e+01  -2.1615675e+02
   2.3901001e+01   4.7364542e+00  -8.9519219e+00   1.5026049e+03   8.3220633e+01  -2.1677855e+02
   2.4026141e+01   4.7975039e+00  -8.8978133e+00   1.5117448e+03   8.3014554e+01  -2.1747801e+02
   2.4001584e+01   4.8789491e+00  -8.9055221e+00   1.5202621e+03   8.2511266e+01  -2.1825253e+02
   2.3837471e+01   4.9759928e+00  -8.9646360e+00   1.5281851e+03   8.1724422e+01  -2.1909558e+02
   2.3548434e+01   5.0828952e+00  -9.0643283e+00   1.5355412e+03   8.0681364e+01  -2.1999653e+02
   2.3153406e+01   5.1937260e+00  -9.1938913e+00   1.5423541e+03   7.9421970e+01  -2.2094077e+02
   2.2675057e+01   5.3029718e+00  -9.3430148e+00   1.5486416e+03   7.7996653e+01  -2.2191006e+02
   2.2138863e+01   5.4060119e+00  -9.5021251e+00   1.5544136e+03   7.6463592e+01  -2.2288318e+02
   2.1571835e+01   5.4993933e+00  -9.6626086e+00   1.5596715e+03   7.4885303e+01  -2.2383690e+02
   2.1000987e+01   5.5809228e+00  -9.8170189e+00   1.5644088e+03   7.3324744e+01  -2.2474737e+02
   2.0451676e+01   5.6496208e+00  -9.9593347e+00   1.5686134e+03   7.1841276e+01  -2.2559170e+02
